0.000000000000000000e+00,0.000000000000000000e+00
2.083333333333333218e-02,2.110216512370118653e+04
4.166666666666666435e-02,1.449798409753353553e+04
6.250000000000000000e-02,1.376104467121782727e+04
8.333333333333332871e-02,1.396533490539528066e+04
1.041666666666666574e-01,1.429403972698086727e+04
1.250000000000000000e-01,1.452862156582975877e+04
1.458333333333333148e-01,1.463612613475385297e+04
1.666666666666666574e-01,1.465137484566041167e+04
1.875000000000000000e-01,1.461563594619485593e+04
2.083333333333333148e-01,1.455955152931160410e+04
2.291666666666666574e-01,1.450522706336345800e+04
2.500000000000000000e-01,1.446654325936506211e+04
2.708333333333333148e-01,1.444697834907373908e+04
2.916666666666666297e-01,1.444176255072395725e+04
3.125000000000000000e-01,1.444396659578489198e+04
3.333333333333333148e-01,1.444880514073055019e+04
3.541666666666666297e-01,1.445384711833506663e+04
3.750000000000000000e-01,1.445770029350377445e+04
3.958333333333333148e-01,1.445966606562302695e+04
4.166666666666666297e-01,1.446002941772934355e+04
4.375000000000000000e-01,1.445975426922931001e+04
4.583333333333333148e-01,1.445967913998835138e+04
4.791666666666666297e-01,1.446010895435634302e+04
5.000000000000000000e-01,1.446101308963057090e+04
5.208333333333332593e-01,1.446230112295522486e+04
5.416666666666666297e-01,1.446384519962442937e+04
5.625000000000000000e-01,1.446542443064986946e+04
5.833333333333332593e-01,1.446679318973780391e+04
6.041666666666666297e-01,1.446779628648134531e+04
6.250000000000000000e-01,1.446838910430414762e+04
6.458333333333332593e-01,1.446858328613158301e+04
6.666666666666666297e-01,1.446841561260198796e+04
6.875000000000000000e-01,1.446795556545154250e+04
7.083333333333332593e-01,1.446730301856750884e+04
7.291666666666666297e-01,1.446656273002205126e+04
7.500000000000000000e-01,1.446582479744880038e+04
7.708333333333332593e-01,1.446516407650748806e+04
7.916666666666666297e-01,1.446464229329817681e+04
8.125000000000000000e-01,1.446430223809343806e+04
8.333333333333332593e-01,1.446416247608098274e+04
8.541666666666666297e-01,1.446421997033515436e+04
8.750000000000000000e-01,1.446445572598274521e+04
8.958333333333332593e-01,1.446483767773260479e+04
9.166666666666666297e-01,1.446532290725180428e+04
9.375000000000000000e-01,1.446586276914824703e+04
9.583333333333332593e-01,1.446640930604674941e+04
9.791666666666666297e-01,1.446691960300452047e+04
1.000000000000000000e+00,1.446735814965074314e+04
1.020833333333333259e+00,1.446769905641407604e+04
1.041666666666666519e+00,1.446792804433727360e+04
1.062500000000000000e+00,1.446804277212391389e+04
1.083333333333333259e+00,1.446805135356350729e+04
1.104166666666666519e+00,1.446797022732616097e+04
1.125000000000000000e+00,1.446782198796060402e+04
1.145833333333333259e+00,1.446763286462035830e+04
1.166666666666666519e+00,1.446742979344892228e+04
1.187500000000000000e+00,1.446723769957455806e+04
1.208333333333333259e+00,1.446707749552181485e+04
1.229166666666666519e+00,1.446696474514250804e+04
1.250000000000000000e+00,1.446690882161583795e+04
1.270833333333333259e+00,1.446691264861072341e+04
1.291666666666666519e+00,1.446697314687467224e+04
1.312500000000000000e+00,1.446708225071617562e+04
1.333333333333333259e+00,1.446722822231798636e+04
1.354166666666666519e+00,1.446739709964577924e+04
1.375000000000000000e+00,1.446757420762028778e+04
1.395833333333333259e+00,1.446774560922142700e+04
1.416666666666666519e+00,1.446789932227647296e+04
1.437500000000000000e+00,1.446802619309283909e+04
1.458333333333333259e+00,1.446812041361330193e+04
1.479166666666666519e+00,1.446817969507503221e+04
1.500000000000000000e+00,1.446820510393231234e+04
1.520833333333333259e+00,1.446820059453578506e+04
1.541666666666666519e+00,1.446817232229004730e+04
1.562500000000000000e+00,1.446812783793101335e+04
1.583333333333333259e+00,1.446807524765708149e+04
1.604166666666666519e+00,1.446802241088440132e+04
1.625000000000000000e+00,1.446797624549371540e+04
1.645833333333333259e+00,1.446794219904995407e+04
1.666666666666666519e+00,1.446792391728752045e+04
1.687500000000000000e+00,1.446792311417638848e+04
1.708333333333333259e+00,1.446793963146663373e+04
1.729166666666666519e+00,1.446797166359021503e+04
1.750000000000000000e+00,1.446801611027944091e+04
1.770833333333333259e+00,1.446806900885615323e+04
1.791666666666666519e+00,1.446812599642321584e+04
1.812500000000000000e+00,1.446818275701536913e+04
1.833333333333333259e+00,1.446823541535373806e+04
1.854166666666666519e+00,1.446828084664259950e+04
1.875000000000000000e+00,1.446831688251635205e+04
1.895833333333333259e+00,1.446834240579963807e+04
1.916666666666666519e+00,1.446835733818589870e+04
1.937500000000000000e+00,1.446836253385327291e+04
1.958333333333333259e+00,1.446835959890465165e+04
1.979166666666666519e+00,1.446835066143483346e+04
2.000000000000000000e+00,1.446833811913835598e+04
2.020833333333333037e+00,1.446832439032632101e+04
2.041666666666666519e+00,1.446831169079422034e+04
2.062500000000000000e+00,1.446830185413267463e+04
2.083333333333333037e+00,1.446829620725426139e+04
2.104166666666666519e+00,1.446829550649392695e+04
2.125000000000000000e+00,1.446829993334670507e+04
2.145833333333333037e+00,1.446830914350153398e+04
2.166666666666666519e+00,1.446832235871013836e+04
2.187500000000000000e+00,1.446833848828810369e+04
2.208333333333333037e+00,1.446835626575427523e+04
2.229166666666666519e+00,1.446837438631694386e+04
2.250000000000000000e+00,1.446839163245942109e+04
2.270833333333333037e+00,1.446840697741349868e+04
2.291666666666666519e+00,1.446841965946890559e+04
2.312500000000000000e+00,1.446842922351995730e+04
2.333333333333333037e+00,1.446843552967616779e+04
2.354166666666666519e+00,1.446843873183135292e+04
2.375000000000000000e+00,1.446843923153301512e+04
2.395833333333333037e+00,1.446843761416606503e+04
2.416666666666666519e+00,1.446843457531385502e+04
2.437500000000000000e+00,1.446843084519091644e+04
2.458333333333333037e+00,1.446842711833762587e+04
2.479166666666666519e+00,1.446842399446874333e+04
2.500000000000000000e+00,1.446842193467732795e+04
2.520833333333333037e+00,1.446842123530659956e+04
2.541666666666666519e+00,1.446842201991741968e+04
2.562500000000000000e+00,1.446842424805774499e+04
2.583333333333333037e+00,1.446842773813879103e+04
2.604166666666666519e+00,1.446843220072403710e+04
2.625000000000000000e+00,1.446843727799431872e+04
2.645833333333333037e+00,1.446844258505872494e+04
2.666666666666666519e+00,1.446844774909566331e+04
2.687500000000000000e+00,1.446845244296035889e+04
2.708333333333333037e+00,1.446845641078199333e+04
2.729166666666666519e+00,1.446845948409147968e+04
2.750000000000000000e+00,1.446846158805705272e+04
2.770833333333333037e+00,1.446846273836549881e+04
2.791666666666666519e+00,1.446846303008905670e+04
2.812500000000000000e+00,1.446846262046757693e+04
2.833333333333333037e+00,1.446846170788048039e+04
2.854166666666666519e+00,1.446846050937717519e+04
2.875000000000000000e+00,1.446845923900277921e+04
2.895833333333333037e+00,1.446845808882897836e+04
2.916666666666666519e+00,1.446845721413614592e+04
2.937500000000000000e+00,1.446845672364591883e+04
2.958333333333333037e+00,1.446845667513576700e+04
2.979166666666666519e+00,1.446845707623370981e+04
3.000000000000000000e+00,1.446845788973560047e+04
3.020833333333333037e+00,1.446845904244449775e+04
3.041666666666666519e+00,1.446846043631937209e+04
3.062500000000000000e+00,1.446846196064432661e+04
3.083333333333333037e+00,1.446846350398073628e+04
3.104166666666666519e+00,1.446846496482415023e+04
3.125000000000000000e+00,1.446846626012915294e+04
3.145833333333333037e+00,1.446846733115678217e+04
3.166666666666666519e+00,1.446846814640737648e+04
3.187500000000000000e+00,1.446846870169746762e+04
3.208333333333333037e+00,1.446846901769726537e+04
3.229166666666666519e+00,1.446846913544236668e+04
3.250000000000000000e+00,1.446846911046398964e+04
3.270833333333333037e+00,1.446846900623535475e+04
3.291666666666666519e+00,1.446846888761686569e+04
3.312500000000000000e+00,1.446846881490543819e+04
3.333333333333333037e+00,1.446846883896906729e+04
3.354166666666666519e+00,1.446846899779283922e+04
3.375000000000000000e+00,1.446846931459583720e+04
3.395833333333333037e+00,1.446846979751480103e+04
3.416666666666666519e+00,1.446847044070679840e+04
3.437500000000000000e+00,1.446847122660835521e+04
3.458333333333333037e+00,1.446847212901158491e+04
3.479166666666666519e+00,1.446847311658131002e+04
3.500000000000000000e+00,1.446847415643863496e+04
3.520833333333333037e+00,1.446847521747247447e+04
3.541666666666666519e+00,1.446847627310491953e+04
3.562500000000000000e+00,1.446847730331667117e+04
3.583333333333333037e+00,1.446847829583008206e+04
3.604166666666666519e+00,1.446847924643591250e+04
3.625000000000000000e+00,1.446848015853114703e+04
3.645833333333333037e+00,1.446848104199990848e+04
3.666666666666666519e+00,1.446848191161565410e+04
3.687500000000000000e+00,1.446848278516665960e+04
3.708333333333333037e+00,1.446848368150898386e+04
3.729166666666666519e+00,1.446848461873552515e+04
3.750000000000000000e+00,1.446848561261675059e+04
3.770833333333333037e+00,1.446848667542648764e+04
3.791666666666666519e+00,1.446848781521780984e+04
3.812500000000000000e+00,1.446848903556416190e+04
3.833333333333333037e+00,1.446849033573759516e+04
3.854166666666666519e+00,1.446849171125812427e+04
3.875000000000000000e+00,1.446849315472066883e+04
3.895833333333333037e+00,1.446849465679283094e+04
3.916666666666666519e+00,1.446849620727141155e+04
3.937500000000000000e+00,1.446849779609378675e+04
3.958333333333333037e+00,1.446849941421611220e+04
3.979166666666666519e+00,1.446850105429245741e+04
4.000000000000000000e+00,1.446850271111500842e+04
4.020833333333333037e+00,1.446850438180193305e+04
4.041666666666666075e+00,1.446850606574431367e+04
4.062500000000000000e+00,1.446850776434486033e+04
4.083333333333333037e+00,1.446850948059597795e+04
4.104166666666666075e+00,1.446851121855490419e+04
4.125000000000000000e+00,1.446851298277594469e+04
4.145833333333333037e+00,1.446851477775731109e+04
4.166666666666666075e+00,1.446851660745212939e+04
4.187500000000000000e+00,1.446851847488159547e+04
4.208333333333333037e+00,1.446852038187435755e+04
4.229166666666666075e+00,1.446852232894219924e+04
4.250000000000000000e+00,1.446852431528768284e+04
4.270833333333333037e+00,1.446852633892866652e+04
4.291666666666666075e+00,1.446852839691468398e+04
4.312500000000000000e+00,1.446853048560466414e+04
4.333333333333333037e+00,1.446853260097434031e+04
4.354166666666666075e+00,1.446853473892059628e+04
4.375000000000000000e+00,1.446853689553607546e+04
4.395833333333333037e+00,1.446853906733161057e+04
4.416666666666666075e+00,1.446854125139240568e+04
4.437500000000000000e+00,1.446854344546108769e+04
4.458333333333333037e+00,1.446854564794824546e+04
4.479166666666666075e+00,1.446854785787830042e+04
4.500000000000000000e+00,1.446855007478290281e+04
4.520833333333333037e+00,1.446855229855784273e+04
4.541666666666666075e+00,1.446855452930093452e+04
4.562500000000000000e+00,1.446855676714858782e+04
4.583333333333333037e+00,1.446855901212566096e+04
4.604166666666666075e+00,1.446856126402173322e+04
4.625000000000000000e+00,1.446856352230208358e+04
4.645833333333333037e+00,1.446856578605769755e+04
4.666666666666666075e+00,1.446856805399461518e+04
4.687500000000000000e+00,1.446857032445965160e+04
4.708333333333333037e+00,1.446857259549525406e+04
4.729166666666666075e+00,1.446857486491623422e+04
4.750000000000000000e+00,1.446857713039791997e+04
4.770833333333333037e+00,1.446857938956751968e+04
4.791666666666666075e+00,1.446858164008879248e+04
4.812500000000000000e+00,1.446858387973444042e+04
4.833333333333333037e+00,1.446858610643967404e+04
4.854166666666666075e+00,1.446858831833558361e+04
4.875000000000000000e+00,1.446859051376080606e+04
4.895833333333333037e+00,1.446859269125306673e+04
4.916666666666666075e+00,1.446859484952468483e+04
4.937500000000000000e+00,1.446859698742473847e+04
4.958333333333333037e+00,1.446859910389452489e+04
4.979166666666666075e+00,1.446860119792036130e+04
5.000000000000000000e+00,1.446860326848879777e+04
5.020833333333333037e+00,1.446860531454838565e+04
5.041666666666666075e+00,1.446860733498050831e+04
5.062500000000000000e+00,1.446860932858132946e+04
5.083333333333333037e+00,1.446861129405545580e+04
5.104166666666666075e+00,1.446861323002001154e+04
5.125000000000000000e+00,1.446861513501876834e+04
5.145833333333333037e+00,1.446861700754283447e+04
5.166666666666666075e+00,1.446861884605609157e+04
5.187500000000000000e+00,1.446862064902220300e+04
5.208333333333333037e+00,1.446862241493092733e+04
5.229166666666666075e+00,1.446862414232109586e+04
5.250000000000000000e+00,1.446862582979877698e+04
5.270833333333333037e+00,1.446862747604973265e+04
5.291666666666666075e+00,1.446862907984549383e+04
5.312500000000000000e+00,1.446863064004332409e+04
5.333333333333333037e+00,1.446863215558117736e+04
5.354166666666666075e+00,1.446863362546799181e+04
5.375000000000000000e+00,1.446863504877176456e+04
5.395833333333333037e+00,1.446863642460606206e+04
5.416666666666666075e+00,1.446863775211689426e+04
5.437500000000000000e+00,1.446863903047057465e+04
5.458333333333333037e+00,1.446864025884481089e+04
5.479166666666666075e+00,1.446864143642193449e+04
5.500000000000000000e+00,1.446864256238598318e+04
5.520833333333333037e+00,1.446864363592298832e+04
5.541666666666666075e+00,1.446864465622387797e+04
5.562500000000000000e+00,1.446864562249009032e+04
5.583333333333333037e+00,1.446864653394055495e+04
5.604166666666666075e+00,1.446864738981972914e+04
5.625000000000000000e+00,1.446864818940519399e+04
5.645833333333333037e+00,1.446864893201518498e+04
5.666666666666666075e+00,1.446864961701448556e+04
5.687500000000000000e+00,1.446865024381908006e+04
5.708333333333333037e+00,1.446865081189872944e+04
5.729166666666666075e+00,1.446865132077801536e+04
5.750000000000000000e+00,1.446865177003576900e+04
5.770833333333333037e+00,1.446865215930321210e+04
5.791666666666666075e+00,1.446865248826109746e+04
5.812500000000000000e+00,1.446865275663650391e+04
5.833333333333333037e+00,1.446865296419943479e+04
5.854166666666666075e+00,1.446865311075987847e+04
5.875000000000000000e+00,1.446865319616533088e+04
5.895833333333333037e+00,1.446865322029925301e+04
5.916666666666666075e+00,1.446865318308037968e+04
5.937500000000000000e+00,1.446865308446317795e+04
5.958333333333333037e+00,1.446865292443875660e+04
5.979166666666666075e+00,1.446865270303691796e+04
6.000000000000000000e+00,1.446865242032846436e+04
6.020833333333333037e+00,1.446865207642776295e+04
6.041666666666666075e+00,1.446865167149521585e+04
6.062500000000000000e+00,1.446865120573994136e+04
6.083333333333333037e+00,1.446865067942142923e+04
6.104166666666666075e+00,1.446865009285110864e+04
6.125000000000000000e+00,1.446864944639325404e+04
6.145833333333333037e+00,1.446864874046505429e+04
6.166666666666666075e+00,1.446864797553636163e+04
6.187500000000000000e+00,1.446864715212864394e+04
6.208333333333333037e+00,1.446864627081376238e+04
6.229166666666666075e+00,1.446864533221229431e+04
6.250000000000000000e+00,1.446864433699186338e+04
6.270833333333333037e+00,1.446864328586527336e+04
6.291666666666666075e+00,1.446864217958882728e+04
6.312500000000000000e+00,1.446864101896085049e+04
6.333333333333333037e+00,1.446863980482037005e+04
6.354166666666666075e+00,1.446863853804599057e+04
6.375000000000000000e+00,1.446863721955519577e+04
6.395833333333333037e+00,1.446863585030353715e+04
6.416666666666666075e+00,1.446863443128448489e+04
6.437500000000000000e+00,1.446863296352879115e+04
6.458333333333333037e+00,1.446863144810440281e+04
6.479166666666666075e+00,1.446862988611603578e+04
6.500000000000000000e+00,1.446862827870473120e+04
6.520833333333333037e+00,1.446862662704756804e+04
6.541666666666666075e+00,1.446862493235673173e+04
6.562500000000000000e+00,1.446862319587881575e+04
6.583333333333333037e+00,1.446862141889395934e+04
6.604166666666666075e+00,1.446861960271449061e+04
6.625000000000000000e+00,1.446861774868394787e+04
6.645833333333333037e+00,1.446861585817573723e+04
6.666666666666666075e+00,1.446861393259172473e+04
6.687500000000000000e+00,1.446861197336090481e+04
6.708333333333333037e+00,1.446860998193818159e+04
6.729166666666666075e+00,1.446860795980305920e+04
6.750000000000000000e+00,1.446860590845847764e+04
6.770833333333333037e+00,1.446860382942963406e+04
6.791666666666666075e+00,1.446860172426305144e+04
6.812500000000000000e+00,1.446859959452544717e+04
6.833333333333333037e+00,1.446859744180298003e+04
6.854166666666666075e+00,1.446859526770014418e+04
6.875000000000000000e+00,1.446859307383918349e+04
6.895833333333333037e+00,1.446859086185894557e+04
6.916666666666666075e+00,1.446858863341420874e+04
6.937500000000000000e+00,1.446858639017448877e+04
6.958333333333333037e+00,1.446858413382327853e+04
6.979166666666666075e+00,1.446858186605686933e+04
7.000000000000000000e+00,1.446857958858344136e+04
7.020833333333333037e+00,1.446857730312166314e+04
7.041666666666666075e+00,1.446857501139975284e+04
7.062500000000000000e+00,1.446857271515422326e+04
7.083333333333333037e+00,1.446857041612849935e+04
7.104166666666666075e+00,1.446856811607182681e+04
7.125000000000000000e+00,1.446856581673806068e+04
7.145833333333333037e+00,1.446856351988430106e+04
7.166666666666666075e+00,1.446856122726981630e+04
7.187500000000000000e+00,1.446855894065467874e+04
7.208333333333333037e+00,1.446855666179879699e+04
7.229166666666666075e+00,1.446855439246058086e+04
7.250000000000000000e+00,1.446855213439583895e+04
7.270833333333333037e+00,1.446854988935677829e+04
7.291666666666666075e+00,1.446854765909073831e+04
7.312500000000000000e+00,1.446854544533903390e+04
7.333333333333333037e+00,1.446854324983609331e+04
7.354166666666666075e+00,1.446854107430796648e+04
7.375000000000000000e+00,1.446853892047161935e+04
7.395833333333333037e+00,1.446853679003343132e+04
7.416666666666666075e+00,1.446853468468812571e+04
7.437500000000000000e+00,1.446853260611782025e+04
7.458333333333333037e+00,1.446853055599063737e+04
7.479166666666666075e+00,1.446852853595960551e+04
7.500000000000000000e+00,1.446852654766153864e+04
7.520833333333333037e+00,1.446852459271583575e+04
7.541666666666666075e+00,1.446852267272335303e+04
7.562500000000000000e+00,1.446852078926527975e+04
7.583333333333333037e+00,1.446851894390196321e+04
7.604166666666666075e+00,1.446851713817188283e+04
7.625000000000000000e+00,1.446851537359048598e+04
7.645833333333333037e+00,1.446851365164921663e+04
7.666666666666666075e+00,1.446851197381434758e+04
7.687500000000000000e+00,1.446851034152610373e+04
7.708333333333333037e+00,1.446850875619754152e+04
7.729166666666666075e+00,1.446850721921350851e+04
7.750000000000000000e+00,1.446850573192987213e+04
7.770833333333333037e+00,1.446850429567238098e+04
7.791666666666666075e+00,1.446850291173570440e+04
7.812500000000000000e+00,1.446850158138264305e+04
7.833333333333333037e+00,1.446850030584312844e+04
7.854166666666666075e+00,1.446849908631332437e+04
7.875000000000000000e+00,1.446849792395474287e+04
7.895833333333333037e+00,1.446849681989342207e+04
7.916666666666666075e+00,1.446849577521899846e+04
7.937500000000000000e+00,1.446849479098403390e+04
7.958333333333333037e+00,1.446849386820297514e+04
7.979166666666666075e+00,1.446849300785169180e+04
8.000000000000000000e+00,1.446849221086645775e+04
8.020833333333332149e+00,1.446849147814333264e+04
8.041666666666666075e+00,1.446849081053753616e+04
8.062500000000000000e+00,1.446849020886264043e+04
8.083333333333332149e+00,1.446848967389001336e+04
8.104166666666666075e+00,1.446848920634818933e+04
8.125000000000000000e+00,1.446848880692232342e+04
8.145833333333332149e+00,1.446848847625362396e+04
8.166666666666666075e+00,1.446848821493869036e+04
8.187500000000000000e+00,1.446848802352928396e+04
8.208333333333332149e+00,1.446848790253161133e+04
8.229166666666666075e+00,1.446848785240603320e+04
8.250000000000000000e+00,1.446848787356660250e+04
8.270833333333332149e+00,1.446848796638059866e+04
8.291666666666666075e+00,1.446848813116842939e+04
8.312500000000000000e+00,1.446848836820301585e+04
8.333333333333332149e+00,1.446848867770965808e+04
8.354166666666666075e+00,1.446848905986576210e+04
8.375000000000000000e+00,1.446848951480059259e+04
8.395833333333332149e+00,1.446849004259510184e+04
8.416666666666666075e+00,1.446849064328170789e+04
8.437500000000000000e+00,1.446849131684425447e+04
8.458333333333332149e+00,1.446849206321782549e+04
8.479166666666666075e+00,1.446849288228876321e+04
8.500000000000000000e+00,1.446849377389453366e+04
8.520833333333332149e+00,1.446849473782390851e+04
8.541666666666666075e+00,1.446849577381678682e+04
8.562500000000000000e+00,1.446849688156437696e+04
8.583333333333332149e+00,1.446849806070938575e+04
8.604166666666666075e+00,1.446849931084601121e+04
8.625000000000000000e+00,1.446850063152010262e+04
8.645833333333332149e+00,1.446850202222953158e+04
8.666666666666666075e+00,1.446850348242424661e+04
8.687500000000000000e+00,1.446850501150670607e+04
8.708333333333332149e+00,1.446850660883205637e+04
8.729166666666666075e+00,1.446850827370842671e+04
8.750000000000000000e+00,1.446851000539754386e+04
8.770833333333332149e+00,1.446851180311483040e+04
8.791666666666666075e+00,1.446851366602998678e+04
8.812500000000000000e+00,1.446851559326748975e+04
8.833333333333332149e+00,1.446851758390700707e+04
8.854166666666666075e+00,1.446851963698396867e+04
8.875000000000000000e+00,1.446852175149010509e+04
8.895833333333332149e+00,1.446852392637399316e+04
8.916666666666666075e+00,1.446852616054177270e+04
8.937500000000000000e+00,1.446852845285772491e+04
8.958333333333332149e+00,1.446853080214502916e+04
8.979166666666666075e+00,1.446853320718634859e+04
9.000000000000000000e+00,1.446853566672469242e+04
9.020833333333332149e+00,1.446853817946412892e+04
9.041666666666666075e+00,1.446854074407045846e+04
9.062500000000000000e+00,1.446854335917238132e+04
9.083333333333332149e+00,1.446854602336189419e+04
9.104166666666666075e+00,1.446854873519552348e+04
9.125000000000000000e+00,1.446855149319509655e+04
9.145833333333332149e+00,1.446855429584864760e+04
9.166666666666666075e+00,1.446855714161129799e+04
9.187500000000000000e+00,1.446856002890646414e+04
9.208333333333332149e+00,1.446856295612661779e+04
9.229166666666666075e+00,1.446856592163445748e+04
9.250000000000000000e+00,1.446856892376378528e+04
9.270833333333332149e+00,1.446857196082082010e+04
9.291666666666666075e+00,1.446857503108497622e+04
9.312500000000000000e+00,1.446857813281025301e+04
9.333333333333332149e+00,1.446858126422615533e+04
9.354166666666666075e+00,1.446858442353892679e+04
9.375000000000000000e+00,1.446858760893269937e+04
9.395833333333332149e+00,1.446859081857063575e+04
9.416666666666666075e+00,1.446859405059614437e+04
9.437500000000000000e+00,1.446859730313406544e+04
9.458333333333332149e+00,1.446860057429184963e+04
9.479166666666666075e+00,1.446860386216093320e+04
9.500000000000000000e+00,1.446860716481782583e+04
9.520833333333332149e+00,1.446861048032542021e+04
9.541666666666666075e+00,1.446861380673423992e+04
9.562500000000000000e+00,1.446861714208377816e+04
9.583333333333332149e+00,1.446862048440360741e+04
9.604166666666666075e+00,1.446862383171495094e+04
9.625000000000000000e+00,1.446862718203173063e+04
9.645833333333332149e+00,1.446863053336190205e+04
9.666666666666666075e+00,1.446863388370884059e+04
9.687500000000000000e+00,1.446863723107264377e+04
9.708333333333332149e+00,1.446864057345133187e+04
9.729166666666666075e+00,1.446864390884230306e+04
9.750000000000000000e+00,1.446864723524346482e+04
9.770833333333332149e+00,1.446865055065473280e+04
9.791666666666666075e+00,1.446865385307920587e+04
9.812500000000000000e+00,1.446865714052453040e+04
9.833333333333332149e+00,1.446866041100414805e+04
9.854166666666666075e+00,1.446866366253865999e+04
9.875000000000000000e+00,1.446866689315699841e+04
9.895833333333332149e+00,1.446867010089782707e+04
9.916666666666666075e+00,1.446867328381072002e+04
9.937500000000000000e+00,1.446867643995745675e+04
9.958333333333332149e+00,1.446867956741339367e+04
9.979166666666666075e+00,1.446868266426841365e+04
1.000000000000000000e+01,1.446868572862841756e+04
1.002083333333333215e+01,1.446868875861642664e+04
1.004166666666666607e+01,1.446869175237380477e+04
1.006250000000000000e+01,1.446869470806146273e+04
1.008333333333333215e+01,1.446869762386104048e+04
1.010416666666666607e+01,1.446870049797597312e+04
1.012500000000000000e+01,1.446870332863280419e+04
1.014583333333333215e+01,1.446870611408219338e+04
1.016666666666666607e+01,1.446870885260007344e+04
1.018750000000000000e+01,1.446871154248885068e+04
1.020833333333333215e+01,1.446871418207835814e+04
1.022916666666666607e+01,1.446871676972711066e+04
1.025000000000000000e+01,1.446871930382327992e+04
1.027083333333333215e+01,1.446872178278590945e+04
1.029166666666666607e+01,1.446872420506594426e+04
1.031250000000000000e+01,1.446872656914729669e+04
1.033333333333333215e+01,1.446872887354812701e+04
1.035416666666666607e+01,1.446873111682178933e+04
1.037500000000000000e+01,1.446873329755819941e+04
1.039583333333333215e+01,1.446873541438486427e+04
1.041666666666666607e+01,1.446873746596816636e+04
1.043750000000000000e+01,1.446873945101481877e+04
1.045833333333333215e+01,1.446874136827296752e+04
1.047916666666666607e+01,1.446874321653369771e+04
1.050000000000000000e+01,1.446874499463259053e+04
1.052083333333333215e+01,1.446874670145107666e+04
1.054166666666666607e+01,1.446874833591826246e+04
1.056250000000000000e+01,1.446874989701249433e+04
1.058333333333333215e+01,1.446875138376319956e+04
1.060416666666666607e+01,1.446875279525262886e+04
1.062500000000000000e+01,1.446875413061787913e+04
1.064583333333333215e+01,1.446875538905275607e+04
1.066666666666666607e+01,1.446875656980961139e+04
1.068750000000000000e+01,1.446875767220140187e+04
1.070833333333333215e+01,1.446875869560349747e+04
1.072916666666666607e+01,1.446875963945533294e+04
1.075000000000000000e+01,1.446876050326217228e+04
1.077083333333333215e+01,1.446876128659623646e+04
1.079166666666666607e+01,1.446876198909802406e+04
1.081250000000000000e+01,1.446876261047691150e+04
1.083333333333333215e+01,1.446876315051157871e+04
1.085416666666666607e+01,1.446876360904988542e+04
1.087500000000000000e+01,1.446876398600828907e+04
1.089583333333333215e+01,1.446876428137071343e+04
1.091666666666666607e+01,1.446876449518691516e+04
1.093750000000000000e+01,1.446876462757045010e+04
1.095833333333333215e+01,1.446876467869571934e+04
1.097916666666666607e+01,1.446876464879517516e+04
1.100000000000000000e+01,1.446876453815562854e+04
1.102083333333333215e+01,1.446876434711472393e+04
1.104166666666666607e+01,1.446876407605683926e+04
1.106250000000000000e+01,1.446876372540928787e+04
1.108333333333333215e+01,1.446876329563866966e+04
1.110416666666666607e+01,1.446876278724701842e+04
1.112500000000000000e+01,1.446876220076869868e+04
1.114583333333333215e+01,1.446876153676779359e+04
1.116666666666666607e+01,1.446876079583558749e+04
1.118750000000000000e+01,1.446875997858911796e+04
1.120833333333333215e+01,1.446875908567012812e+04
1.122916666666666607e+01,1.446875811774433896e+04
1.125000000000000000e+01,1.446875707550180596e+04
1.127083333333333215e+01,1.446875595965744651e+04
1.129166666666666607e+01,1.446875477095185124e+04
1.131250000000000000e+01,1.446875351015276465e+04
1.133333333333333215e+01,1.446875217805627472e+04
1.135416666666666607e+01,1.446875077548856279e+04
1.137500000000000000e+01,1.446874930330739153e+04
1.139583333333333215e+01,1.446874776240338906e+04
1.141666666666666607e+01,1.446874615370140964e+04
1.143750000000000000e+01,1.446874447816145039e+04
1.145833333333333215e+01,1.446874273677947349e+04
1.147916666666666607e+01,1.446874093058776634e+04
1.150000000000000000e+01,1.446873906065522533e+04
1.152083333333333215e+01,1.446873712808717028e+04
1.154166666666666607e+01,1.446873513402529716e+04
1.156250000000000000e+01,1.446873307964702690e+04
1.158333333333333215e+01,1.446873096616497423e+04
1.160416666666666607e+01,1.446872879482635108e+04
1.162500000000000000e+01,1.446872656691212615e+04
1.164583333333333215e+01,1.446872428373631556e+04
1.166666666666666607e+01,1.446872194664528797e+04
1.168750000000000000e+01,1.446871955701680417e+04
1.170833333333333215e+01,1.446871711625946409e+04
1.172916666666666607e+01,1.446871462581185551e+04
1.175000000000000000e+01,1.446871208714185195e+04
1.177083333333333215e+01,1.446870950174581958e+04
1.179166666666666607e+01,1.446870687114777684e+04
1.181250000000000000e+01,1.446870419689880146e+04
1.183333333333333215e+01,1.446870148057591723e+04
1.185416666666666607e+01,1.446869872378125365e+04
1.187500000000000000e+01,1.446869592814109637e+04
1.189583333333333215e+01,1.446869309530480677e+04
1.191666666666666607e+01,1.446869022694369414e+04
1.193750000000000000e+01,1.446868732474995704e+04
1.195833333333333215e+01,1.446868439043531544e+04
1.197916666666666607e+01,1.446868142572988654e+04
1.200000000000000000e+01,1.446867843238100977e+04
1.202083333333333215e+01,1.446867541215179517e+04
1.204166666666666607e+01,1.446867236681994837e+04
1.206250000000000000e+01,1.446866929817655910e+04
1.208333333333333215e+01,1.446866620802476609e+04
1.210416666666666607e+01,1.446866309817864021e+04
1.212500000000000000e+01,1.446865997046182383e+04
1.214583333333333215e+01,1.446865682670646493e+04
1.216666666666666607e+01,1.446865366875192922e+04
1.218750000000000000e+01,1.446865049844367240e+04
1.220833333333333215e+01,1.446864731763205782e+04
1.222916666666666607e+01,1.446864412817121411e+04
1.225000000000000000e+01,1.446864093191771462e+04
1.227083333333333215e+01,1.446863773072955155e+04
1.229166666666666607e+01,1.446863452646482256e+04
1.231250000000000000e+01,1.446863132098056303e+04
1.233333333333333215e+01,1.446862811613152371e+04
1.235416666666666607e+01,1.446862491376890466e+04
1.237500000000000000e+01,1.446862171573922387e+04
1.239583333333333215e+01,1.446861852388297484e+04
1.241666666666666607e+01,1.446861534003341512e+04
1.243750000000000000e+01,1.446861216601536216e+04
1.245833333333333215e+01,1.446860900364401459e+04
1.247916666666666607e+01,1.446860585472360617e+04
1.250000000000000000e+01,1.446860272104633623e+04
1.252083333333333215e+01,1.446859960439119459e+04
1.254166666666666607e+01,1.446859650652270648e+04
1.256250000000000000e+01,1.446859342918976472e+04
1.258333333333333215e+01,1.446859037412468024e+04
1.260416666666666607e+01,1.446858734304187965e+04
1.262500000000000000e+01,1.446858433763680659e+04
1.264583333333333215e+01,1.446858135958488856e+04
1.266666666666666607e+01,1.446857841054054734e+04
1.268750000000000000e+01,1.446857549213591847e+04
1.270833333333333215e+01,1.446857260597990535e+04
1.272916666666666607e+01,1.446856975365719336e+04
1.275000000000000000e+01,1.446856693672706388e+04
1.277083333333333215e+01,1.446856415672256117e+04
1.279166666666666607e+01,1.446856141514937553e+04
1.281250000000000000e+01,1.446855871348480650e+04
1.283333333333333215e+01,1.446855605317695517e+04
1.285416666666666607e+01,1.446855343564360737e+04
1.287500000000000000e+01,1.446855086227145875e+04
1.289583333333333215e+01,1.446854833441505252e+04
1.291666666666666607e+01,1.446854585339603364e+04
1.293750000000000000e+01,1.446854342050216292e+04
1.295833333333333215e+01,1.446854103698662948e+04
1.297916666666666607e+01,1.446853870406703936e+04
1.300000000000000000e+01,1.446853642292483346e+04
1.302083333333333215e+01,1.446853419470442896e+04
1.304166666666666607e+01,1.446853202051244443e+04
1.306250000000000000e+01,1.446852990141702321e+04
1.308333333333333215e+01,1.446852783844721853e+04
1.310416666666666607e+01,1.446852583259222229e+04
1.312500000000000000e+01,1.446852388480085210e+04
1.314583333333333215e+01,1.446852199598078005e+04
1.316666666666666607e+01,1.446852016699812521e+04
1.318750000000000000e+01,1.446851839867680246e+04
1.320833333333333215e+01,1.446851669179803866e+04
1.322916666666666607e+01,1.446851504709982692e+04
1.325000000000000000e+01,1.446851346527654823e+04
1.327083333333333215e+01,1.446851194697844767e+04
1.329166666666666607e+01,1.446851049281121595e+04
1.331250000000000000e+01,1.446850910333572392e+04
1.333333333333333215e+01,1.446850777906758958e+04
1.335416666666666607e+01,1.446850652047686162e+04
1.337500000000000000e+01,1.446850532798776840e+04
1.339583333333333215e+01,1.446850420197847416e+04
1.341666666666666607e+01,1.446850314278081714e+04
1.343750000000000000e+01,1.446850215068015677e+04
1.345833333333333215e+01,1.446850122591524632e+04
1.347916666666666607e+01,1.446850036867801828e+04
1.350000000000000000e+01,1.446849957911350793e+04
1.352083333333333215e+01,1.446849885732000257e+04
1.354166666666666607e+01,1.446849820334877586e+04
1.356250000000000000e+01,1.446849761720414244e+04
1.358333333333333215e+01,1.446849709884347249e+04
1.360416666666666607e+01,1.446849664817750454e+04
1.362500000000000000e+01,1.446849626507011271e+04
1.364583333333333215e+01,1.446849594933865956e+04
1.366666666666666607e+01,1.446849570075407610e+04
1.368750000000000000e+01,1.446849551904114560e+04
1.370833333333333215e+01,1.446849540387866000e+04
1.372916666666666607e+01,1.446849535489966001e+04
1.375000000000000000e+01,1.446849537169184987e+04
1.377083333333333215e+01,1.446849545379784468e+04
1.379166666666666607e+01,1.446849560071559245e+04
1.381250000000000000e+01,1.446849581189861783e+04
1.383333333333333215e+01,1.446849608675674608e+04
1.385416666666666607e+01,1.446849642465624856e+04
1.387500000000000000e+01,1.446849682492041393e+04
1.389583333333333215e+01,1.446849728683027206e+04
1.391666666666666607e+01,1.446849780962492514e+04
1.393750000000000000e+01,1.446849839250213699e+04
1.395833333333333215e+01,1.446849903461902795e+04
1.397916666666666607e+01,1.446849973509273696e+04
1.400000000000000000e+01,1.446850049300095270e+04
1.402083333333333215e+01,1.446850130738278312e+04
1.404166666666666607e+01,1.446850217723925380e+04
1.406250000000000000e+01,1.446850310153437385e+04
1.408333333333333215e+01,1.446850407919559439e+04
1.410416666666666607e+01,1.446850510911485981e+04
1.412500000000000000e+01,1.446850619014922995e+04
1.414583333333333215e+01,1.446850732112192054e+04
1.416666666666666607e+01,1.446850850082310717e+04
1.418750000000000000e+01,1.446850972801081298e+04
1.420833333333333215e+01,1.446851100141183633e+04
1.422916666666666607e+01,1.446851231972276946e+04
1.425000000000000000e+01,1.446851368161090431e+04
1.427083333333333215e+01,1.446851508571531667e+04
1.429166666666666607e+01,1.446851653064781203e+04
1.431250000000000000e+01,1.446851801499390422e+04
1.433333333333333215e+01,1.446851953731412505e+04
1.435416666666666607e+01,1.446852109614476649e+04
1.437500000000000000e+01,1.446852268999926673e+04
1.439583333333333215e+01,1.446852431736923972e+04
1.441666666666666607e+01,1.446852597672551929e+04
1.443750000000000000e+01,1.446852766651934871e+04
1.445833333333333215e+01,1.446852938518370865e+04
1.447916666666666607e+01,1.446853113113431755e+04
1.450000000000000000e+01,1.446853290277083579e+04
1.452083333333333215e+01,1.446853469847820816e+04
1.454166666666666607e+01,1.446853651662774791e+04
1.456250000000000000e+01,1.446853835557853381e+04
1.458333333333333215e+01,1.446854021367847599e+04
1.460416666666666607e+01,1.446854208926566571e+04
1.462500000000000000e+01,1.446854398066965587e+04
1.464583333333333215e+01,1.446854588621281800e+04
1.466666666666666607e+01,1.446854780421144460e+04
1.468750000000000000e+01,1.446854973297711695e+04
1.470833333333333215e+01,1.446855167081814216e+04
1.472916666666666607e+01,1.446855361604064092e+04
1.475000000000000000e+01,1.446855556695003906e+04
1.477083333333333215e+01,1.446855752185228630e+04
1.479166666666666607e+01,1.446855947905517678e+04
1.481250000000000000e+01,1.446856143686976793e+04
1.483333333333333215e+01,1.446856339361158098e+04
1.485416666666666607e+01,1.446856534760195063e+04
1.487500000000000000e+01,1.446856729716941118e+04
1.489583333333333215e+01,1.446856924065097701e+04
1.491666666666666607e+01,1.446857117639338321e+04
1.493750000000000000e+01,1.446857310275451528e+04
1.495833333333333215e+01,1.446857501810460599e+04
1.497916666666666607e+01,1.446857692082755602e+04
1.500000000000000000e+01,1.446857880932232729e+04
1.502083333333333215e+01,1.446858068200394700e+04
1.504166666666666607e+01,1.446858253730505385e+04
1.506250000000000000e+01,1.446858437367679289e+04
1.508333333333333215e+01,1.446858618959040177e+04
1.510416666666666607e+01,1.446858798353812381e+04
1.512500000000000000e+01,1.446858975403440490e+04
1.514583333333333215e+01,1.446859149961700314e+04
1.516666666666666607e+01,1.446859321884824021e+04
1.518750000000000000e+01,1.446859491031579819e+04
1.520833333333333215e+01,1.446859657263387999e+04
1.522916666666666607e+01,1.446859820444403522e+04
1.525000000000000000e+01,1.446859980441621883e+04
1.527083333333333215e+01,1.446860137124936227e+04
1.529166666666666607e+01,1.446860290367241760e+04
1.531250000000000000e+01,1.446860440044484130e+04
1.533333333333333215e+01,1.446860586035719462e+04
1.535416666666666607e+01,1.446860728223187107e+04
1.537500000000000000e+01,1.446860866492337664e+04
1.539583333333333215e+01,1.446861000731869717e+04
1.541666666666666607e+01,1.446861130833758580e+04
1.543750000000000000e+01,1.446861256693280666e+04
1.545833333333333215e+01,1.446861378209013128e+04
1.547916666666666607e+01,1.446861495282842588e+04
1.550000000000000000e+01,1.446861607819958954e+04
1.552083333333333215e+01,1.446861715728835406e+04
1.554166666666666607e+01,1.446861818921223676e+04
1.556250000000000000e+01,1.446861917312128935e+04
1.558333333333333215e+01,1.446862010819784336e+04
1.560416666666666607e+01,1.446862099365632093e+04
1.562500000000000000e+01,1.446862182874311111e+04
1.564583333333333215e+01,1.446862261273639160e+04
1.566666666666666607e+01,1.446862334494612514e+04
1.568750000000000000e+01,1.446862402471423775e+04
1.570833333333333215e+01,1.446862465141468056e+04
1.572916666666666607e+01,1.446862522445395007e+04
1.575000000000000000e+01,1.446862574327168477e+04
1.577083333333333215e+01,1.446862620734132724e+04
1.579166666666666607e+01,1.446862661617121557e+04
1.581250000000000000e+01,1.446862696930569655e+04
1.583333333333333215e+01,1.446862726632647536e+04
1.585416666666666607e+01,1.446862750685433639e+04
1.587500000000000000e+01,1.446862769055055469e+04
1.589583333333333215e+01,1.446862781711882053e+04
1.591666666666666607e+01,1.446862788630719660e+04
1.593750000000000000e+01,1.446862789790977331e+04
1.595833333333333215e+01,1.446862785176854959e+04
1.597916666666666607e+01,1.446862774777521918e+04
1.600000000000000000e+01,1.446862758587263670e+04
1.602083333333333215e+01,1.446862736605619284e+04
1.604166666666666430e+01,1.446862708837495302e+04
1.606250000000000000e+01,1.446862675293248685e+04
1.608333333333333215e+01,1.446862635988745023e+04
1.610416666666666430e+01,1.446862590945374177e+04
1.612500000000000000e+01,1.446862540190053187e+04
1.614583333333333215e+01,1.446862483755188441e+04
1.616666666666666430e+01,1.446862421678611645e+04
1.618750000000000000e+01,1.446862354003501605e+04
1.620833333333333215e+01,1.446862280778270360e+04
1.622916666666666430e+01,1.446862202056450769e+04
1.625000000000000000e+01,1.446862117896564450e+04
1.627083333333333215e+01,1.446862028361982084e+04
1.629166666666666430e+01,1.446861933520776438e+04
1.631250000000000000e+01,1.446861833445595403e+04
1.633333333333333215e+01,1.446861728213516471e+04
1.635416666666666430e+01,1.446861617905906314e+04
1.637500000000000000e+01,1.446861502608304727e+04
1.639583333333333215e+01,1.446861382410303486e+04
1.641666666666666430e+01,1.446861257405426659e+04
1.643750000000000000e+01,1.446861127691029105e+04
1.645833333333333215e+01,1.446860993368196432e+04
1.647916666666666430e+01,1.446860854541640583e+04
1.650000000000000000e+01,1.446860711319620896e+04
1.652083333333333215e+01,1.446860563813832414e+04
1.654166666666666430e+01,1.446860412139335313e+04
1.656250000000000000e+01,1.446860256414446121e+04
1.658333333333333215e+01,1.446860096760673332e+04
1.660416666666666430e+01,1.446859933302591162e+04
1.662500000000000000e+01,1.446859766167770795e+04
1.664583333333333215e+01,1.446859595486681428e+04
1.666666666666666430e+01,1.446859421392591321e+04
1.668750000000000000e+01,1.446859244021472477e+04
1.670833333333333215e+01,1.446859063511906788e+04
1.672916666666666430e+01,1.446858880004980529e+04
1.675000000000000000e+01,1.446858693644202867e+04
1.677083333333333215e+01,1.446858504575395636e+04
1.679166666666666430e+01,1.446858312946597653e+04
1.681250000000000000e+01,1.446858118907971584e+04
1.683333333333333215e+01,1.446857922611712274e+04
1.685416666666666430e+01,1.446857724211940149e+04
1.687500000000000000e+01,1.446857523864604445e+04
1.689583333333333215e+01,1.446857321727393719e+04
1.691666666666666430e+01,1.446857117959633979e+04
1.693750000000000000e+01,1.446856912722171182e+04
1.695833333333333215e+01,1.446856706177298111e+04
1.697916666666666430e+01,1.446856498488632496e+04
1.700000000000000000e+01,1.446856289821004975e+04
1.702083333333333215e+01,1.446856080340367771e+04
1.704166666666666430e+01,1.446855870213681919e+04
1.706250000000000000e+01,1.446855659608795031e+04
1.708333333333333215e+01,1.446855448694348161e+04
1.710416666666666430e+01,1.446855237639643019e+04
1.712500000000000000e+01,1.446855026614538656e+04
1.714583333333333215e+01,1.446854815789335771e+04
1.716666666666666430e+01,1.446854605334665393e+04
1.718750000000000000e+01,1.446854395421363733e+04
1.720833333333333215e+01,1.446854186220356860e+04
1.722916666666666430e+01,1.446853977902549741e+04
1.725000000000000000e+01,1.446853770638717469e+04
1.727083333333333215e+01,1.446853564599369929e+04
1.729166666666666430e+01,1.446853359954654297e+04
1.731250000000000000e+01,1.446853156874220440e+04
1.733333333333333215e+01,1.446852955527124504e+04
1.735416666666666430e+01,1.446852756081699044e+04
1.737500000000000000e+01,1.446852558705442061e+04
1.739583333333333215e+01,1.446852363564903499e+04
1.741666666666666430e+01,1.446852170825565918e+04
1.743750000000000000e+01,1.446851980651722261e+04
1.745833333333333215e+01,1.446851793206380535e+04
1.747916666666666430e+01,1.446851608651131028e+04
1.750000000000000000e+01,1.446851427146041533e+04
1.752083333333333215e+01,1.446851248849524927e+04
1.754166666666666430e+01,1.446851073918265683e+04
1.756250000000000000e+01,1.446850902507070350e+04
1.758333333333333215e+01,1.446850734768769689e+04
1.760416666666666430e+01,1.446850570854115722e+04
1.762500000000000000e+01,1.446850410911662038e+04
1.764583333333333215e+01,1.446850255087664118e+04
1.766666666666666430e+01,1.446850103525976010e+04
1.768750000000000000e+01,1.446849956367930645e+04
1.770833333333333215e+01,1.446849813752257978e+04
1.772916666666666430e+01,1.446849675814971124e+04
1.775000000000000000e+01,1.446849542689264854e+04
1.777083333333333215e+01,1.446849414505423920e+04
1.779166666666666430e+01,1.446849291390728467e+04
1.781250000000000000e+01,1.446849173469352536e+04
1.783333333333333215e+01,1.446849060862282204e+04
1.785416666666666430e+01,1.446848953687208268e+04
1.787500000000000000e+01,1.446848852058450575e+04
1.789583333333333215e+01,1.446848756086875073e+04
1.791666666666666430e+01,1.446848665879799228e+04
1.793750000000000000e+01,1.446848581540907981e+04
1.795833333333333215e+01,1.446848503170195181e+04
1.797916666666666430e+01,1.446848430863841349e+04
1.800000000000000000e+01,1.446848364714197669e+04
1.802083333333333215e+01,1.446848304809672845e+04
1.804166666666666430e+01,1.446848251234664713e+04
1.806250000000000000e+01,1.446848204069508938e+04
1.808333333333333215e+01,1.446848163390409172e+04
1.810416666666666430e+01,1.446848129269368656e+04
1.812500000000000000e+01,1.446848101774130919e+04
1.814583333333333215e+01,1.446848080968135764e+04
1.816666666666666430e+01,1.446848066910443595e+04
1.818750000000000000e+01,1.446848059655716861e+04
1.820833333333333215e+01,1.446848059254131658e+04
1.822916666666666430e+01,1.446848065751370450e+04
1.825000000000000000e+01,1.446848079188550037e+04
1.827083333333333215e+01,1.446848099602209913e+04
1.829166666666666430e+01,1.446848127024252608e+04
1.831250000000000000e+01,1.446848161481927309e+04
1.833333333333333215e+01,1.446848202997788394e+04
1.835416666666666430e+01,1.446848251589672509e+04
1.837500000000000000e+01,1.446848307270685473e+04
1.839583333333333215e+01,1.446848370049162986e+04
1.841666666666666430e+01,1.446848439928675725e+04
1.843750000000000000e+01,1.446848516907990052e+04
1.845833333333333215e+01,1.446848600981084019e+04
1.847916666666666430e+01,1.446848692137116450e+04
1.850000000000000000e+01,1.446848790360446583e+04
1.852083333333333215e+01,1.446848895630602055e+04
1.854166666666666430e+01,1.446849007922323653e+04
1.856250000000000000e+01,1.446849127205530749e+04
1.858333333333333215e+01,1.446849253445356953e+04
1.860416666666666430e+01,1.446849386602148661e+04
1.862500000000000000e+01,1.446849526631489425e+04
1.864583333333333215e+01,1.446849673484214873e+04
1.866666666666666430e+01,1.446849827106442171e+04
1.868750000000000000e+01,1.446849987439578035e+04
1.870833333333333215e+01,1.446850154420370382e+04
1.872916666666666430e+01,1.446850327980926522e+04
1.875000000000000000e+01,1.446850508048757183e+04
1.877083333333333215e+01,1.446850694546804880e+04
1.879166666666666430e+01,1.446850887393492303e+04
1.881250000000000000e+01,1.446851086502773251e+04
1.883333333333333215e+01,1.446851291784168643e+04
1.885416666666666430e+01,1.446851503142834554e+04
1.887500000000000000e+01,1.446851720479596406e+04
1.889583333333333215e+01,1.446851943691019915e+04
1.891666666666666430e+01,1.446852172669473293e+04
1.893750000000000000e+01,1.446852407303187647e+04
1.895833333333333215e+01,1.446852647476315542e+04
1.897916666666666430e+01,1.446852893069017591e+04
1.900000000000000000e+01,1.446853143957521752e+04
1.902083333333333215e+01,1.446853400014205545e+04
1.904166666666666430e+01,1.446853661107664811e+04
1.906250000000000000e+01,1.446853927102809757e+04
1.908333333333333215e+01,1.446854197860936983e+04
1.910416666666666430e+01,1.446854473239816070e+04
1.912500000000000000e+01,1.446854753093781619e+04
1.914583333333333215e+01,1.446855037273831840e+04
1.916666666666666430e+01,1.446855325627704588e+04
1.918750000000000000e+01,1.446855617999986862e+04
1.920833333333333215e+01,1.446855914232213036e+04
1.922916666666666430e+01,1.446856214162957986e+04
1.925000000000000000e+01,1.446856517627942594e+04
1.927083333333333215e+01,1.446856824460145071e+04
1.929166666666666430e+01,1.446857134489896271e+04
1.931250000000000000e+01,1.446857447545002651e+04
1.933333333333333215e+01,1.446857763450844504e+04
1.935416666666666430e+01,1.446858082030489459e+04
1.937500000000000000e+01,1.446858403104817626e+04
1.939583333333333215e+01,1.446858726492631467e+04
1.941666666666666430e+01,1.446859052010760206e+04
1.943750000000000000e+01,1.446859379474202797e+04
1.945833333333333215e+01,1.446859708696229063e+04
1.947916666666666430e+01,1.446860039488511757e+04
1.950000000000000000e+01,1.446860371661243335e+04
1.952083333333333215e+01,1.446860705023262562e+04
1.954166666666666430e+01,1.446861039382172748e+04
1.956250000000000000e+01,1.446861374544480350e+04
1.958333333333333215e+01,1.446861710315715391e+04
1.960416666666666430e+01,1.446862046500549332e+04
1.962500000000000000e+01,1.446862382902938771e+04
1.964583333333333215e+01,1.446862719326241131e+04
1.966666666666666430e+01,1.446863055573350357e+04
1.968750000000000000e+01,1.446863391446824608e+04
1.970833333333333215e+01,1.446863726749016132e+04
1.972916666666666430e+01,1.446864061282200419e+04
1.975000000000000000e+01,1.446864394848700613e+04
1.977083333333333215e+01,1.446864727251030490e+04
1.979166666666666430e+01,1.446865058292007234e+04
1.981250000000000000e+01,1.446865387774901683e+04
1.983333333333333215e+01,1.446865715503540196e+04
1.985416666666666430e+01,1.446866041282458900e+04
1.987500000000000000e+01,1.446866364917019746e+04
1.989583333333333215e+01,1.446866686213543653e+04
1.991666666666666430e+01,1.446867004979430567e+04
1.993750000000000000e+01,1.446867321023289333e+04
1.995833333333333215e+01,1.446867634155073756e+04
1.997916666666666430e+01,1.446867944186207023e+04
2.000000000000000000e+01,1.446868250929685018e+04
2.002083333333333215e+01,1.446868554200227300e+04
2.004166666666666430e+01,1.446868853814394242e+04
2.006250000000000000e+01,1.446869149590705274e+04
2.008333333333333215e+01,1.446869441349770568e+04
2.010416666666666430e+01,1.446869728914408915e+04
2.012500000000000000e+01,1.446870012109776144e+04
2.014583333333333215e+01,1.446870290763481898e+04
2.016666666666666430e+01,1.446870564705717698e+04
2.018750000000000000e+01,1.446870833769384262e+04
2.020833333333333215e+01,1.446871097790216299e+04
2.022916666666666430e+01,1.446871356606896734e+04
2.025000000000000000e+01,1.446871610061201864e+04
2.027083333333333215e+01,1.446871857998109044e+04
2.029166666666666430e+01,1.446872100265952031e+04
2.031250000000000000e+01,1.446872336716531208e+04
2.033333333333333215e+01,1.446872567205258747e+04
2.035416666666666430e+01,1.446872791591288842e+04
2.037500000000000000e+01,1.446873009737666143e+04
2.039583333333333215e+01,1.446873221511463998e+04
2.041666666666666430e+01,1.446873426783922332e+04
2.043750000000000000e+01,1.446873625430602988e+04
2.045833333333333215e+01,1.446873817331532337e+04
2.047916666666666430e+01,1.446874002371361348e+04
2.050000000000000000e+01,1.446874180439498377e+04
2.052083333333333215e+01,1.446874351430281604e+04
2.054166666666666430e+01,1.446874515243116548e+04
2.056250000000000000e+01,1.446874671782612131e+04
2.058333333333333215e+01,1.446874820958751297e+04
2.060416666666666430e+01,1.446874962686994331e+04
2.062500000000000000e+01,1.446875096888421831e+04
2.064583333333333215e+01,1.446875223489846758e+04
2.066666666666666430e+01,1.446875342423904658e+04
2.068750000000000000e+01,1.446875453629144613e+04
2.070833333333333215e+01,1.446875557050091811e+04
2.072916666666666430e+01,1.446875652637283565e+04
2.075000000000000000e+01,1.446875740347283499e+04
2.077083333333333215e+01,1.446875820142683369e+04
2.079166666666666430e+01,1.446875891992049947e+04
2.081250000000000000e+01,1.446875955869875179e+04
2.083333333333333215e+01,1.446876011756483058e+04
2.085416666666666430e+01,1.446876059637893559e+04
2.087500000000000000e+01,1.446876099505696402e+04
2.089583333333333215e+01,1.446876131356899714e+04
2.091666666666666430e+01,1.446876155193711020e+04
2.093750000000000000e+01,1.446876171023376810e+04
2.095833333333333215e+01,1.446876178857965351e+04
2.097916666666666430e+01,1.446876178714174603e+04
2.100000000000000000e+01,1.446876170613105569e+04
2.102083333333333215e+01,1.446876154580086222e+04
2.104166666666666430e+01,1.446876130644491059e+04
2.106250000000000000e+01,1.446876098839570113e+04
2.108333333333333215e+01,1.446876059202305623e+04
2.110416666666666430e+01,1.446876011773301070e+04
2.112500000000000000e+01,1.446875956596675314e+04
2.114583333333333215e+01,1.446875893720005479e+04
2.116666666666666430e+01,1.446875823194273471e+04
2.118750000000000000e+01,1.446875745073852886e+04
2.120833333333333215e+01,1.446875659416494091e+04
2.122916666666666430e+01,1.446875566283354419e+04
2.125000000000000000e+01,1.446875465739015272e+04
2.127083333333333215e+01,1.446875357851527588e+04
2.129166666666666430e+01,1.446875242692452957e+04
2.131250000000000000e+01,1.446875120336903274e+04
2.133333333333333215e+01,1.446874990863586208e+04
2.135416666666666430e+01,1.446874854354839408e+04
2.137500000000000000e+01,1.446874710896662509e+04
2.139583333333333215e+01,1.446874560578735691e+04
2.141666666666666430e+01,1.446874403494432408e+04
2.143750000000000000e+01,1.446874239740817939e+04
2.145833333333333215e+01,1.446874069418645013e+04
2.147916666666666430e+01,1.446873892632327625e+04
2.150000000000000000e+01,1.446873709489911562e+04
2.152083333333333215e+01,1.446873520103049668e+04
2.154166666666666430e+01,1.446873324586943272e+04
2.156250000000000000e+01,1.446873123060312355e+04
2.158333333333333215e+01,1.446872915645330067e+04
2.160416666666666430e+01,1.446872702467559429e+04
2.162500000000000000e+01,1.446872483655897668e+04
2.164583333333333215e+01,1.446872259342527104e+04
2.166666666666666430e+01,1.446872029662813657e+04
2.168750000000000000e+01,1.446871794755260635e+04
2.170833333333333215e+01,1.446871554761422158e+04
2.172916666666666430e+01,1.446871309825826756e+04
2.175000000000000000e+01,1.446871060095901339e+04
2.177083333333333215e+01,1.446870805721870784e+04
2.179166666666666430e+01,1.446870546856670262e+04
2.181250000000000000e+01,1.446870283655876119e+04
2.183333333333333215e+01,1.446870016277567265e+04
2.185416666666666430e+01,1.446869744882254963e+04
2.187500000000000000e+01,1.446869469632768960e+04
2.189583333333333215e+01,1.446869190694153440e+04
2.191666666666666430e+01,1.446868908233545881e+04
2.193750000000000000e+01,1.446868622420080646e+04
2.195833333333333215e+01,1.446868333424768934e+04
2.197916666666666430e+01,1.446868041420389636e+04
2.200000000000000000e+01,1.446867746581367101e+04
2.202083333333333215e+01,1.446867449083661268e+04
2.204166666666666430e+01,1.446867149104646160e+04
2.206250000000000000e+01,1.446866846822997104e+04
2.208333333333333215e+01,1.446866542418575409e+04
2.210416666666666430e+01,1.446866236072307220e+04
2.212500000000000000e+01,1.446865927966058734e+04
2.214583333333333215e+01,1.446865618282535434e+04
2.216666666666666430e+01,1.446865307205151112e+04
2.218750000000000000e+01,1.446864994917910735e+04
2.220833333333333215e+01,1.446864681605277656e+04
2.222916666666666430e+01,1.446864367452087390e+04
2.225000000000000000e+01,1.446864052643396280e+04
2.227083333333333215e+01,1.446863737364353074e+04
2.229166666666666430e+01,1.446863421800118522e+04
2.231250000000000000e+01,1.446863106135703492e+04
2.233333333333333215e+01,1.446862790555863830e+04
2.235416666666666430e+01,1.446862475244979214e+04
2.237500000000000000e+01,1.446862160386927644e+04
2.239583333333333215e+01,1.446861846164965755e+04
2.241666666666666430e+01,1.446861532761611306e+04
2.243750000000000000e+01,1.446861220358516584e+04
2.245833333333333215e+01,1.446860909136349801e+04
2.247916666666666430e+01,1.446860599274688866e+04
2.250000000000000000e+01,1.446860290951900242e+04
2.252083333333333215e+01,1.446859984344997429e+04
2.254166666666666430e+01,1.446859679629561288e+04
2.256250000000000000e+01,1.446859376979596345e+04
2.258333333333333215e+01,1.446859076567448210e+04
2.260416666666666430e+01,1.446858778563660962e+04
2.262500000000000000e+01,1.446858483136880750e+04
2.264583333333333215e+01,1.446858190453741918e+04
2.266666666666666430e+01,1.446857900678764781e+04
2.268750000000000000e+01,1.446857613974236665e+04
2.270833333333333215e+01,1.446857330500117314e+04
2.272916666666666430e+01,1.446857050413922843e+04
2.275000000000000000e+01,1.446856773870630059e+04
2.277083333333333215e+01,1.446856501022582961e+04
2.279166666666666430e+01,1.446856232019370873e+04
2.281250000000000000e+01,1.446855967007751678e+04
2.283333333333333215e+01,1.446855706131537954e+04
2.285416666666666430e+01,1.446855449531522027e+04
2.287500000000000000e+01,1.446855197345373381e+04
2.289583333333333215e+01,1.446854949707541527e+04
2.291666666666666430e+01,1.446854706749182151e+04
2.293750000000000000e+01,1.446854468598069798e+04
2.295833333333333215e+01,1.446854235378501835e+04
2.297916666666666430e+01,1.446854007211234784e+04
2.300000000000000000e+01,1.446853784213395193e+04
2.302083333333333215e+01,1.446853566498396322e+04
2.304166666666666430e+01,1.446853354175893037e+04
2.306250000000000000e+01,1.446853147351672305e+04
2.308333333333333215e+01,1.446852946127619362e+04
2.310416666666666430e+01,1.446852750601629305e+04
2.312500000000000000e+01,1.446852560867551801e+04
2.314583333333333215e+01,1.446852377015133243e+04
2.316666666666666430e+01,1.446852199129949440e+04
2.318750000000000000e+01,1.446852027293363790e+04
2.320833333333333215e+01,1.446851861582463243e+04
2.322916666666666430e+01,1.446851702070017927e+04
2.325000000000000000e+01,1.446851548824428755e+04
2.327083333333333215e+01,1.446851401909684137e+04
2.329166666666666430e+01,1.446851261385329053e+04
2.331250000000000000e+01,1.446851127306411217e+04
2.333333333333333215e+01,1.446850999723463246e+04
2.335416666666666430e+01,1.446850878682463735e+04
2.337500000000000000e+01,1.446850764224811792e+04
2.339583333333333215e+01,1.446850656387294293e+04
2.341666666666666430e+01,1.446850555202073883e+04
2.343750000000000000e+01,1.446850460696675145e+04
2.345833333333333215e+01,1.446850372893947133e+04
2.347916666666666430e+01,1.446850291812080832e+04
2.350000000000000000e+01,1.446850217464571324e+04
2.352083333333333215e+01,1.446850149860238162e+04
2.354166666666666430e+01,1.446850089003206085e+04
2.356250000000000000e+01,1.446850034892911208e+04
2.358333333333333215e+01,1.446849987524106473e+04
2.360416666666666430e+01,1.446849946886864927e+04
2.362500000000000000e+01,1.446849912966596457e+04
2.364583333333333215e+01,1.446849885744062703e+04
2.366666666666666430e+01,1.446849865195377788e+04
2.368750000000000000e+01,1.446849851292052699e+04
2.370833333333333215e+01,1.446849844001005840e+04
2.372916666666666430e+01,1.446849843284588496e+04
2.375000000000000000e+01,1.446849849100624851e+04
2.377083333333333215e+01,1.446849861402425086e+04
2.379166666666666430e+01,1.446849880138857407e+04
2.381250000000000000e+01,1.446849905254348778e+04
2.383333333333333215e+01,1.446849936688952221e+04
2.385416666666666430e+01,1.446849974378385014e+04
2.387500000000000000e+01,1.446850018254080715e+04
2.389583333333333215e+01,1.446850068243237183e+04
2.391666666666666430e+01,1.446850124268877335e+04
2.393750000000000000e+01,1.446850186249900798e+04
2.395833333333333215e+01,1.446850254101150495e+04
2.397916666666666430e+01,1.446850327733478116e+04
2.400000000000000000e+01,1.446850407053798335e+04
2.402083333333333215e+01,1.446850491965175388e+04
2.404166666666666430e+01,1.446850582366888557e+04
2.406250000000000000e+01,1.446850678154505658e+04
2.408333333333333215e+01,1.446850779219967444e+04
2.410416666666666430e+01,1.446850885451650174e+04
2.412500000000000000e+01,1.446850996734476939e+04
2.414583333333333215e+01,1.446851112949979870e+04
2.416666666666666430e+01,1.446851233976408912e+04
2.418750000000000000e+01,1.446851359688800221e+04
2.420833333333333215e+01,1.446851489959082755e+04
2.422916666666666430e+01,1.446851624656175045e+04
2.425000000000000000e+01,1.446851763646079417e+04
2.427083333333333215e+01,1.446851906791980946e+04
2.429166666666666430e+01,1.446852053954351140e+04
2.431250000000000000e+01,1.446852204991054896e+04
2.433333333333333215e+01,1.446852359757449085e+04
2.435416666666666430e+01,1.446852518106496427e+04
2.437500000000000000e+01,1.446852679888877537e+04
2.439583333333333215e+01,1.446852844953097519e+04
2.441666666666666430e+01,1.446853013145603109e+04
2.443750000000000000e+01,1.446853184310899815e+04
2.445833333333333215e+01,1.446853358291653421e+04
2.447916666666666430e+01,1.446853534928839872e+04
2.450000000000000000e+01,1.446853714061827486e+04
2.452083333333333215e+01,1.446853895528528301e+04
2.454166666666666430e+01,1.446854079165505755e+04
2.456250000000000000e+01,1.446854264808098014e+04
2.458333333333333215e+01,1.446854452290547852e+04
2.460416666666666430e+01,1.446854641446133610e+04
2.462500000000000000e+01,1.446854832107278344e+04
2.464583333333333215e+01,1.446855024105701523e+04
2.466666666666666430e+01,1.446855217272521259e+04
2.468750000000000000e+01,1.446855411438412193e+04
2.470833333333333215e+01,1.446855606433707726e+04
2.472916666666666430e+01,1.446855802088554265e+04
2.475000000000000000e+01,1.446855998233026912e+04
2.477083333333333215e+01,1.446856194697271349e+04
2.479166666666666430e+01,1.446856391311625703e+04
2.481250000000000000e+01,1.446856587906767891e+04
2.483333333333333215e+01,1.446856784313824392e+04
2.485416666666666430e+01,1.446856980364535048e+04
2.487500000000000000e+01,1.446857175891349107e+04
2.489583333333333215e+01,1.446857370727594753e+04
2.491666666666666430e+01,1.446857564707578422e+04
2.493750000000000000e+01,1.446857757666745238e+04
2.495833333333333215e+01,1.446857949441774326e+04
2.497916666666666430e+01,1.446858139870754894e+04
2.500000000000000000e+01,1.446858328793276087e+04
2.502083333333333215e+01,1.446858516050581238e+04
2.504166666666666430e+01,1.446858701485676283e+04
2.506250000000000000e+01,1.446858884943470548e+04
2.508333333333333215e+01,1.446859066270893891e+04
2.510416666666666430e+01,1.446859245317022578e+04
2.512500000000000000e+01,1.446859421933191334e+04
2.514583333333333215e+01,1.446859595973111936e+04
2.516666666666666430e+01,1.446859767293002369e+04
2.518750000000000000e+01,1.446859935751671946e+04
2.520833333333333215e+01,1.446860101210647917e+04
2.522916666666666430e+01,1.446860263534269325e+04
2.525000000000000000e+01,1.446860422589781956e+04
2.527083333333333215e+01,1.446860578247430385e+04
2.529166666666666430e+01,1.446860730380544555e+04
2.531250000000000000e+01,1.446860878865613267e+04
2.533333333333333215e+01,1.446861023582363487e+04
2.535416666666666430e+01,1.446861164413814913e+04
2.537500000000000000e+01,1.446861301246320727e+04
2.539583333333333215e+01,1.446861433969630889e+04
2.541666666666666430e+01,1.446861562476930339e+04
2.543750000000000000e+01,1.446861686664830631e+04
2.545833333333333215e+01,1.446861806433409947e+04
2.547916666666666430e+01,1.446861921686204369e+04
2.550000000000000000e+01,1.446862032330198417e+04
2.552083333333333215e+01,1.446862138275812686e+04
2.554166666666666430e+01,1.446862239436871459e+04
2.556250000000000000e+01,1.446862335730574705e+04
2.558333333333333215e+01,1.446862427077440589e+04
2.560416666666666430e+01,1.446862513401284014e+04
2.562500000000000000e+01,1.446862594629149680e+04
2.564583333333333215e+01,1.446862670691282256e+04
2.566666666666666430e+01,1.446862741521076168e+04
2.568750000000000000e+01,1.446862807055049416e+04
2.570833333333333215e+01,1.446862867232822828e+04
2.572916666666666430e+01,1.446862921997120429e+04
2.575000000000000000e+01,1.446862971293765804e+04
2.577083333333333215e+01,1.446863015071746486e+04
2.579166666666666430e+01,1.446863053283249974e+04
2.581250000000000000e+01,1.446863085883767417e+04
2.583333333333333215e+01,1.446863112832203478e+04
2.585416666666666430e+01,1.446863134091003303e+04
2.587500000000000000e+01,1.446863149626344239e+04
2.589583333333333215e+01,1.446863159408295905e+04
2.591666666666666430e+01,1.446863163411047935e+04
2.593750000000000000e+01,1.446863161613106058e+04
2.595833333333333215e+01,1.446863153997526388e+04
2.597916666666666430e+01,1.446863140552140248e+04
2.600000000000000000e+01,1.446863121269759722e+04
2.602083333333333215e+01,1.446863096148380282e+04
2.604166666666666430e+01,1.446863065191355417e+04
2.606250000000000000e+01,1.446863028407545426e+04
2.608333333333333215e+01,1.446862985811432736e+04
2.610416666666666430e+01,1.446862937423204494e+04
2.612500000000000000e+01,1.446862883268776204e+04
2.614583333333333215e+01,1.446862823379816473e+04
2.616666666666666430e+01,1.446862757793685523e+04
2.618750000000000000e+01,1.446862686553383173e+04
2.620833333333333215e+01,1.446862609707438241e+04
2.622916666666666430e+01,1.446862527309773213e+04
2.625000000000000000e+01,1.446862439419563088e+04
2.627083333333333215e+01,1.446862346101078583e+04
2.629166666666666430e+01,1.446862247423500230e+04
2.631250000000000000e+01,1.446862143460758671e+04
2.633333333333333215e+01,1.446862034291360033e+04
2.635416666666666430e+01,1.446861919998202939e+04
2.637500000000000000e+01,1.446861800668452270e+04
2.639583333333333215e+01,1.446861676393360904e+04
2.641666666666666430e+01,1.446861547268146751e+04
2.643750000000000000e+01,1.446861413391879250e+04
2.645833333333333215e+01,1.446861274867340035e+04
2.647916666666666430e+01,1.446861131800935982e+04
2.650000000000000000e+01,1.446860984302590441e+04
2.652083333333333215e+01,1.446860832485647916e+04
2.654166666666666430e+01,1.446860676466806763e+04
2.656250000000000000e+01,1.446860516365983131e+04
2.658333333333333215e+01,1.446860352306264394e+04
2.660416666666666430e+01,1.446860184413806564e+04
2.662500000000000000e+01,1.446860012817729876e+04
2.664583333333333215e+01,1.446859837650033296e+04
2.666666666666666430e+01,1.446859659045504304e+04
2.668750000000000000e+01,1.446859477141611569e+04
2.670833333333333215e+01,1.446859292078413637e+04
2.672916666666666430e+01,1.446859103998449791e+04
2.675000000000000000e+01,1.446858913046649468e+04
2.677083333333333215e+01,1.446858719370233302e+04
2.679166666666666430e+01,1.446858523118594530e+04
2.681250000000000000e+01,1.446858324443232777e+04
2.683333333333333215e+01,1.446858123497628912e+04
2.685416666666666430e+01,1.446857920437159191e+04
2.687500000000000000e+01,1.446857715419006854e+04
2.689583333333333215e+01,1.446857508602046073e+04
2.691666666666666430e+01,1.446857300146764828e+04
2.693750000000000000e+01,1.446857090215147764e+04
2.695833333333333215e+01,1.446856878970597609e+04
2.697916666666666430e+01,1.446856666577813667e+04
2.700000000000000000e+01,1.446856453202704506e+04
2.702083333333333215e+01,1.446856239012280275e+04
2.704166666666666430e+01,1.446856024174532286e+04
2.706250000000000000e+01,1.446855808858342789e+04
2.708333333333333215e+01,1.446855593233358377e+04
2.710416666666666430e+01,1.446855377469890664e+04
2.712500000000000000e+01,1.446855161738789684e+04
2.714583333333333215e+01,1.446854946211343486e+04
2.716666666666666430e+01,1.446854731059142432e+04
2.718750000000000000e+01,1.446854516453975884e+04
2.720833333333333215e+01,1.446854302567722334e+04
2.722916666666666430e+01,1.446854089572215889e+04
2.725000000000000000e+01,1.446853877639141865e+04
2.727083333333333215e+01,1.446853666939917093e+04
2.729166666666666430e+01,1.446853457645571689e+04
2.731250000000000000e+01,1.446853249926637727e+04
2.733333333333333215e+01,1.446853043953034285e+04
2.735416666666666430e+01,1.446852839893939017e+04
2.737500000000000000e+01,1.446852637917699394e+04
2.739583333333333215e+01,1.446852438191688270e+04
2.741666666666666430e+01,1.446852240882202386e+04
2.743750000000000000e+01,1.446852046154357231e+04
2.745833333333333215e+01,1.446851854171951345e+04
2.747916666666666430e+01,1.446851665097370278e+04
2.750000000000000000e+01,1.446851479091465444e+04
2.752083333333333215e+01,1.446851296313432613e+04
2.754166666666666430e+01,1.446851116920711866e+04
2.756250000000000000e+01,1.446850941068869724e+04
2.758333333333333215e+01,1.446850768911494379e+04
2.760416666666666430e+01,1.446850600600072357e+04
2.762500000000000000e+01,1.446850436283887757e+04
2.764583333333333215e+01,1.446850276109920378e+04
2.766666666666666430e+01,1.446850120222728219e+04
2.768750000000000000e+01,1.446849968764358346e+04
2.770833333333333215e+01,1.446849821874220288e+04
2.772916666666666430e+01,1.446849679689006371e+04
2.775000000000000000e+01,1.446849542342594214e+04
2.777083333333333215e+01,1.446849409965924133e+04
2.779166666666666430e+01,1.446849282686925653e+04
2.781250000000000000e+01,1.446849160630414917e+04
2.783333333333333215e+01,1.446849043918013194e+04
2.785416666666666430e+01,1.446848932668030830e+04
2.787500000000000000e+01,1.446848826995407217e+04
2.789583333333333215e+01,1.446848727011604569e+04
2.791666666666666430e+01,1.446848632824539527e+04
2.793750000000000000e+01,1.446848544538480564e+04
2.795833333333333215e+01,1.446848462253994148e+04
2.797916666666666430e+01,1.446848386067839601e+04
2.800000000000000000e+01,1.446848316072911621e+04
2.802083333333333215e+01,1.446848252358171521e+04
2.804166666666666430e+01,1.446848195008551556e+04
2.806250000000000000e+01,1.446848144104922176e+04
2.808333333333333215e+01,1.446848099723994164e+04
2.810416666666666430e+01,1.446848061938281171e+04
2.812500000000000000e+01,1.446848030816027676e+04
2.814583333333333215e+01,1.446848006421153332e+04
2.816666666666666430e+01,1.446847988813203119e+04
2.818750000000000000e+01,1.446847978047293509e+04
2.820833333333333215e+01,1.446847974174067713e+04
2.822916666666666430e+01,1.446847977239646571e+04
2.825000000000000000e+01,1.446847987285586350e+04
2.827083333333333215e+01,1.446848004348846735e+04
2.829166666666666430e+01,1.446848028461748254e+04
2.831250000000000000e+01,1.446848059651943186e+04
2.833333333333333215e+01,1.446848097942382083e+04
2.835416666666666430e+01,1.446848143351279214e+04
2.837500000000000000e+01,1.446848195892120930e+04
2.839583333333333215e+01,1.446848255573600909e+04
2.841666666666666430e+01,1.446848322399644530e+04
2.843750000000000000e+01,1.446848396369363036e+04
2.845833333333333215e+01,1.446848477477056804e+04
2.847916666666666430e+01,1.446848565712217169e+04
2.850000000000000000e+01,1.446848661059501319e+04
2.852083333333333215e+01,1.446848763498747940e+04
2.854166666666666430e+01,1.446848873004981942e+04
2.856250000000000000e+01,1.446848989548398822e+04
2.858333333333333215e+01,1.446849113094402128e+04
2.860416666666666430e+01,1.446849243603596915e+04
2.862500000000000000e+01,1.446849381031811208e+04
2.864583333333333215e+01,1.446849525330117467e+04
2.866666666666666430e+01,1.446849676444850047e+04
2.868750000000000000e+01,1.446849834317643399e+04
2.870833333333333215e+01,1.446849998885435343e+04
2.872916666666666430e+01,1.446850170080535827e+04
2.875000000000000000e+01,1.446850347830630926e+04
2.877083333333333215e+01,1.446850532058834506e+04
2.879166666666666430e+01,1.446850722683737331e+04
2.881250000000000000e+01,1.446850919619433262e+04
2.883333333333333215e+01,1.446851122775594558e+04
2.885416666666666430e+01,1.446851332057488980e+04
2.887500000000000000e+01,1.446851547366069644e+04
2.889583333333333215e+01,1.446851768598011040e+04
2.891666666666666430e+01,1.446851995645775605e+04
2.893750000000000000e+01,1.446852228397676299e+04
2.895833333333333215e+01,1.446852466737946452e+04
2.897916666666666430e+01,1.446852710546804883e+04
2.900000000000000000e+01,1.446852959700541032e+04
2.902083333333333215e+01,1.446853214071563707e+04
2.904166666666666430e+01,1.446853473528514223e+04
2.906250000000000000e+01,1.446853737936316611e+04
2.908333333333333215e+01,1.446854007156274383e+04
2.910416666666666430e+01,1.446854281046172036e+04
2.912500000000000000e+01,1.446854559460323435e+04
2.914583333333333215e+01,1.446854842249705689e+04
2.916666666666666430e+01,1.446855129262034097e+04
2.918750000000000000e+01,1.446855420341844365e+04
2.920833333333333215e+01,1.446855715330627936e+04
2.922916666666666430e+01,1.446856014066893113e+04
2.925000000000000000e+01,1.446856316386291292e+04
2.927083333333333215e+01,1.446856622121717010e+04
2.929166666666666430e+01,1.446856931103408715e+04
2.931250000000000000e+01,1.446857243159070276e+04
2.933333333333333215e+01,1.446857558113964478e+04
2.935416666666666430e+01,1.446857875791047263e+04
2.937500000000000000e+01,1.446858196011056498e+04
2.939583333333333215e+01,1.446858518592652399e+04
2.941666666666666430e+01,1.446858843352512849e+04
2.943750000000000000e+01,1.446859170105474914e+04
2.945833333333333215e+01,1.446859498664638159e+04
2.947916666666666430e+01,1.446859828841486888e+04
2.950000000000000000e+01,1.446860160446028021e+04
2.952083333333333215e+01,1.446860493286890051e+04
2.954166666666666430e+01,1.446860827171473647e+04
2.956250000000000000e+01,1.446861161906061170e+04
2.958333333333333215e+01,1.446861497295950176e+04
2.960416666666666430e+01,1.446861833145575656e+04
2.962500000000000000e+01,1.446862169258640279e+04
2.964583333333333215e+01,1.446862505438249718e+04
2.966666666666666430e+01,1.446862841487027617e+04
2.968750000000000000e+01,1.446863177207255649e+04
2.970833333333333215e+01,1.446863512400998297e+04
2.972916666666666430e+01,1.446863846870237467e+04
2.975000000000000000e+01,1.446864180416993622e+04
2.977083333333333215e+01,1.446864512843462944e+04
2.979166666666666430e+01,1.446864843952147567e+04
2.981250000000000000e+01,1.446865173545979269e+04
2.983333333333333215e+01,1.446865501428454809e+04
2.985416666666666430e+01,1.446865827403757066e+04
2.987500000000000000e+01,1.446866151276891105e+04
2.989583333333333215e+01,1.446866472853812593e+04
2.991666666666666430e+01,1.446866791941548581e+04
2.993750000000000000e+01,1.446867108348328838e+04
2.995833333333333215e+01,1.446867421883712814e+04
2.997916666666666430e+01,1.446867732358723151e+04
3.000000000000000000e+01,1.446868039585951919e+04
3.002083333333333215e+01,1.446868343379705038e+04
3.004166666666666430e+01,1.446868643556116149e+04
3.006250000000000000e+01,1.446868939933280490e+04
3.008333333333333215e+01,1.446869232331358216e+04
3.010416666666666430e+01,1.446869520572732290e+04
3.012500000000000000e+01,1.446869804482100881e+04
3.014583333333333215e+01,1.446870083886610519e+04
3.016666666666666430e+01,1.446870358615992518e+04
3.018750000000000000e+01,1.446870628502665932e+04
3.020833333333333215e+01,1.446870893381888527e+04
3.022916666666666430e+01,1.446871153091862652e+04
3.025000000000000000e+01,1.446871407473860381e+04
3.027083333333333215e+01,1.446871656372374127e+04
3.029166666666666430e+01,1.446871899635231603e+04
3.031250000000000000e+01,1.446872137113731151e+04
3.033333333333333215e+01,1.446872368662773806e+04
3.035416666666666430e+01,1.446872594141011723e+04
3.037500000000000000e+01,1.446872813410977324e+04
3.039583333333333215e+01,1.446873026339235730e+04
3.041666666666666430e+01,1.446873232796516095e+04
3.043750000000000000e+01,1.446873432657873127e+04
3.045833333333333215e+01,1.446873625802836250e+04
3.047916666666666430e+01,1.446873812115549663e+04
3.050000000000000000e+01,1.446873991484941143e+04
3.052083333333333215e+01,1.446874163804859563e+04
3.054166666666666430e+01,1.446874328974232776e+04
3.056250000000000000e+01,1.446874486897205497e+04
3.058333333333333215e+01,1.446874637483303013e+04
3.060416666666666430e+01,1.446874780647543957e+04
3.062500000000000000e+01,1.446874916310569461e+04
3.064583333333333215e+01,1.446875044398772297e+04
3.066666666666666430e+01,1.446875164844373649e+04
3.068750000000000000e+01,1.446875277585522053e+04
3.070833333333333215e+01,1.446875382566345797e+04
3.072916666666666430e+01,1.446875479736987836e+04
3.075000000000000000e+01,1.446875569053635991e+04
3.077083333333333215e+01,1.446875650478491298e+04
3.079166666666666430e+01,1.446875723979741815e+04
3.081250000000000000e+01,1.446875789531486953e+04
3.083333333333333215e+01,1.446875847113638156e+04
3.085416666666666430e+01,1.446875896711811947e+04
3.087500000000000000e+01,1.446875938317160035e+04
3.089583333333333215e+01,1.446875971926233979e+04
3.091666666666666430e+01,1.446875997540768367e+04
3.093750000000000000e+01,1.446876015167502192e+04
3.095833333333333215e+01,1.446876024817971484e+04
3.097916666666666430e+01,1.446876026508298673e+04
3.100000000000000000e+01,1.446876020258992139e+04
3.102083333333333215e+01,1.446876006094751574e+04
3.104166666666666430e+01,1.446875984044291909e+04
3.106250000000000000e+01,1.446875954140180329e+04
3.108333333333333215e+01,1.446875916418694396e+04
3.110416666666666430e+01,1.446875870919701629e+04
3.112500000000000000e+01,1.446875817686587106e+04
3.114583333333333215e+01,1.446875756766167251e+04
3.116666666666666430e+01,1.446875688208663269e+04
3.118750000000000000e+01,1.446875612067686234e+04
3.120833333333333215e+01,1.446875528400233452e+04
3.122916666666666430e+01,1.446875437266706285e+04
3.125000000000000000e+01,1.446875338730952717e+04
3.127083333333333215e+01,1.446875232860295728e+04
3.129166666666666430e+01,1.446875119725589320e+04
3.131250000000000000e+01,1.446874999401259993e+04
3.133333333333333215e+01,1.446874871965338389e+04
3.135416666666666430e+01,1.446874737499520052e+04
3.137500000000000000e+01,1.446874596089165425e+04
3.139583333333333215e+01,1.446874447823350420e+04
3.141666666666666430e+01,1.446874292794855864e+04
3.143750000000000000e+01,1.446874131100168233e+04
3.145833333333333215e+01,1.446873962839480373e+04
3.147916666666666430e+01,1.446873788116662399e+04
3.150000000000000000e+01,1.446873607039228591e+04
3.152083333333333215e+01,1.446873419718310106e+04
3.154166666666666430e+01,1.446873226268606959e+04
3.156250000000000000e+01,1.446873026808334544e+04
3.158333333333333215e+01,1.446872821459182524e+04
3.160416666666666430e+01,1.446872610346231886e+04
3.162500000000000000e+01,1.446872393597923656e+04
3.164583333333333215e+01,1.446872171345967945e+04
3.166666666666666430e+01,1.446871943725283563e+04
3.168750000000000000e+01,1.446871710873928532e+04
3.170833333333333215e+01,1.446871472933030236e+04
3.172916666666666430e+01,1.446871230046686469e+04
3.175000000000000000e+01,1.446870982361899587e+04
3.177083333333333215e+01,1.446870730028485559e+04
3.179166666666666430e+01,1.446870473198978289e+04
3.181250000000000000e+01,1.446870212028550304e+04
3.183333333333333215e+01,1.446869946674882522e+04
3.185416666666666430e+01,1.446869677298109309e+04
3.187500000000000000e+01,1.446869404060675879e+04
3.189583333333333215e+01,1.446869127127241518e+04
3.191666666666666430e+01,1.446868846664576267e+04
3.193750000000000000e+01,1.446868562841449602e+04
3.195833333333333215e+01,1.446868275828506376e+04
3.197916666666666430e+01,1.446867985798169684e+04
3.200000000000000000e+01,1.446867692924505172e+04
3.202083333333332860e+01,1.446867397383124990e+04
3.204166666666666430e+01,1.446867099351057186e+04
3.206250000000000000e+01,1.446866799006636938e+04
3.208333333333332860e+01,1.446866496529389042e+04
3.210416666666666430e+01,1.446866192099905311e+04
3.212500000000000000e+01,1.446865885899735440e+04
3.214583333333332860e+01,1.446865578111252762e+04
3.216666666666666430e+01,1.446865268917558933e+04
3.218750000000000000e+01,1.446864958502344962e+04
3.220833333333332860e+01,1.446864647049773703e+04
3.222916666666666430e+01,1.446864334744372900e+04
3.225000000000000000e+01,1.446864021770898034e+04
3.227083333333332860e+01,1.446863708314222458e+04
3.229166666666666430e+01,1.446863394559205699e+04
3.231250000000000000e+01,1.446863080690583229e+04
3.233333333333332860e+01,1.446862766892836225e+04
3.235416666666666430e+01,1.446862453350069700e+04
3.237500000000000000e+01,1.446862140245893534e+04
3.239583333333332860e+01,1.446861827763305701e+04
3.241666666666666430e+01,1.446861516084566756e+04
3.243750000000000000e+01,1.446861205391075782e+04
3.245833333333332860e+01,1.446860895863262340e+04
3.247916666666666430e+01,1.446860587680456956e+04
3.250000000000000000e+01,1.446860281020783077e+04
3.252083333333332860e+01,1.446859976061038105e+04
3.254166666666666430e+01,1.446859672976569345e+04
3.256250000000000000e+01,1.446859371941164500e+04
3.258333333333332860e+01,1.446859073126951262e+04
3.260416666666666430e+01,1.446858776704268530e+04
3.262500000000000000e+01,1.446858482841555815e+04
3.264583333333332860e+01,1.446858191705252102e+04
3.266666666666666430e+01,1.446857903459683075e+04
3.268750000000000000e+01,1.446857618266953432e+04
3.270833333333332860e+01,1.446857336286831560e+04
3.272916666666666430e+01,1.446857057676668046e+04
3.275000000000000000e+01,1.446856782591266892e+04
3.277083333333332860e+01,1.446856511182796021e+04
3.279166666666666430e+01,1.446856243600697053e+04
3.281250000000000000e+01,1.446855979991568529e+04
3.283333333333332860e+01,1.446855720499076779e+04
3.285416666666666430e+01,1.446855465263870065e+04
3.287500000000000000e+01,1.446855214423473444e+04
3.289583333333332860e+01,1.446854968112216011e+04
3.291666666666666430e+01,1.446854726461118116e+04
3.293750000000000000e+01,1.446854489597833526e+04
3.295833333333332860e+01,1.446854257646549013e+04
3.297916666666666430e+01,1.446854030727904683e+04
3.300000000000000000e+01,1.446853808958921218e+04
3.302083333333332860e+01,1.446853592452920566e+04
3.304166666666666430e+01,1.446853381319455366e+04
3.306250000000000000e+01,1.446853175664233277e+04
3.308333333333332860e+01,1.446852975589051857e+04
3.310416666666666430e+01,1.446852781191726172e+04
3.312500000000000000e+01,1.446852592566040767e+04
3.314583333333332860e+01,1.446852409801675822e+04
3.316666666666666430e+01,1.446852232984138755e+04
3.318750000000000000e+01,1.446852062194743121e+04
3.320833333333332860e+01,1.446851897510524213e+04
3.322916666666666430e+01,1.446851739004211413e+04
3.325000000000000000e+01,1.446851586744161978e+04
3.327083333333332860e+01,1.446851440794337032e+04
3.329166666666666430e+01,1.446851301214248451e+04
3.331250000000000000e+01,1.446851168058922121e+04
3.333333333333332860e+01,1.446851041378876835e+04
3.335416666666666430e+01,1.446850921220071541e+04
3.337500000000000000e+01,1.446850807623900619e+04
3.339583333333332860e+01,1.446850700627154220e+04
3.341666666666666430e+01,1.446850600262002263e+04
3.343750000000000000e+01,1.446850506555964967e+04
3.345833333333332860e+01,1.446850419531918305e+04
3.347916666666666430e+01,1.446850339208063087e+04
3.350000000000000000e+01,1.446850265597931502e+04
3.352083333333332860e+01,1.446850198710358745e+04
3.354166666666666430e+01,1.446850138549515759e+04
3.356250000000000000e+01,1.446850085114872854e+04
3.358333333333332860e+01,1.446850038401230995e+04
3.360416666666666430e+01,1.446849998398710159e+04
3.362500000000000000e+01,1.446849965092778075e+04
3.364583333333332860e+01,1.446849938464255683e+04
3.366666666666666430e+01,1.446849918489326592e+04
3.368750000000000000e+01,1.446849905139567272e+04
3.370833333333332860e+01,1.446849898381971434e+04
3.372916666666666430e+01,1.446849898178974036e+04
3.375000000000000000e+01,1.446849904488478569e+04
3.377083333333332860e+01,1.446849917263887983e+04
3.379166666666666430e+01,1.446849936454163253e+04
3.381250000000000000e+01,1.446849962003833207e+04
3.383333333333332860e+01,1.446849993853051274e+04
3.385416666666666430e+01,1.446850031937646418e+04
3.387500000000000000e+01,1.446850076189162792e+04
3.389583333333332860e+01,1.446850126534919764e+04
3.391666666666666430e+01,1.446850182898056664e+04
3.393750000000000000e+01,1.446850245197598633e+04
3.395833333333332860e+01,1.446850313348530472e+04
3.397916666666666430e+01,1.446850387261831565e+04
3.400000000000000000e+01,1.446850466844553011e+04
3.402083333333332860e+01,1.446850551999908566e+04
3.404166666666666430e+01,1.446850642627332491e+04
3.406250000000000000e+01,1.446850738622536301e+04
3.408333333333332860e+01,1.446850839877613544e+04
3.410416666666666430e+01,1.446850946281113647e+04
3.412500000000000000e+01,1.446851057718119046e+04
3.414583333333332860e+01,1.446851174070336492e+04
3.416666666666666430e+01,1.446851295216183280e+04
3.418750000000000000e+01,1.446851421030873462e+04
3.420833333333332860e+01,1.446851551386526262e+04
3.422916666666666430e+01,1.446851686152237744e+04
3.425000000000000000e+01,1.446851825194205230e+04
3.427083333333332860e+01,1.446851968375803699e+04
3.429166666666666430e+01,1.446852115557703291e+04
3.431250000000000000e+01,1.446852266597972266e+04
3.433333333333332860e+01,1.446852421352171950e+04
3.435416666666666430e+01,1.446852579673475702e+04
3.437500000000000000e+01,1.446852741412776231e+04
3.439583333333332860e+01,1.446852906418789280e+04
3.441666666666666430e+01,1.446853074538192232e+04
3.443750000000000000e+01,1.446853245615705964e+04
3.445833333333332860e+01,1.446853419494232003e+04
3.447916666666666430e+01,1.446853596014966388e+04
3.450000000000000000e+01,1.446853775017524822e+04
3.452083333333332860e+01,1.446853956340049990e+04
3.454166666666666430e+01,1.446854139819341799e+04
3.456250000000000000e+01,1.446854325290997804e+04
3.458333333333332860e+01,1.446854512589501246e+04
3.460416666666666430e+01,1.446854701548380399e+04
3.462500000000000000e+01,1.446854892000316613e+04
3.464583333333332860e+01,1.446855083777282925e+04
3.466666666666666430e+01,1.446855276710667385e+04
3.468750000000000000e+01,1.446855470631399658e+04
3.470833333333332860e+01,1.446855665370087081e+04
3.472916666666666430e+01,1.446855860757139817e+04
3.475000000000000000e+01,1.446856056622911638e+04
3.477083333333332860e+01,1.446856252797817797e+04
3.479166666666666430e+01,1.446856449112481278e+04
3.481250000000000000e+01,1.446856645397852844e+04
3.483333333333332860e+01,1.446856841485338373e+04
3.485416666666666430e+01,1.446857037206966561e+04
3.487500000000000000e+01,1.446857232395471146e+04
3.489583333333332860e+01,1.446857426884458255e+04
3.491666666666666430e+01,1.446857620508526452e+04
3.493750000000000000e+01,1.446857813103397348e+04
3.495833333333332860e+01,1.446858004506045108e+04
3.497916666666666430e+01,1.446858194554838701e+04
3.500000000000000000e+01,1.446858383089644121e+04
3.502083333333332860e+01,1.446858569951987010e+04
3.504166666666666430e+01,1.446858754985145424e+04
3.506250000000000000e+01,1.446858938034306993e+04
3.508333333333332860e+01,1.446859118946654780e+04
3.510416666666666430e+01,1.446859297571527350e+04
3.512500000000000000e+01,1.446859473760509354e+04
3.514583333333332860e+01,1.446859647367553771e+04
3.516666666666666430e+01,1.446859818249103409e+04
3.518750000000000000e+01,1.446859986264182589e+04
3.520833333333332860e+01,1.446860151274524105e+04
3.522916666666666430e+01,1.446860313144645261e+04
3.525000000000000000e+01,1.446860471741959191e+04
3.527083333333332860e+01,1.446860626936855988e+04
3.529166666666666430e+01,1.446860778602791106e+04
3.531250000000000000e+01,1.446860926616349388e+04
3.533333333333332860e+01,1.446861070857332379e+04
3.535416666666666430e+01,1.446861211208805616e+04
3.537500000000000000e+01,1.446861347557144472e+04
3.539583333333332860e+01,1.446861479792089085e+04
3.541666666666666430e+01,1.446861607806776010e+04
3.543750000000000000e+01,1.446861731497753863e+04
3.545833333333332860e+01,1.446861850764997143e+04
3.547916666666666430e+01,1.446861965511923336e+04
3.550000000000000000e+01,1.446862075645367804e+04
3.552083333333332860e+01,1.446862181075587068e+04
3.554166666666666430e+01,1.446862281716216239e+04
3.556250000000000000e+01,1.446862377484258468e+04
3.558333333333332860e+01,1.446862468300047840e+04
3.560416666666666430e+01,1.446862554087201715e+04
3.562500000000000000e+01,1.446862634772589809e+04
3.564583333333332860e+01,1.446862710286305810e+04
3.566666666666666430e+01,1.446862780561625914e+04
3.568750000000000000e+01,1.446862845535004817e+04
3.570833333333332860e+01,1.446862905146036792e+04
3.572916666666666430e+01,1.446862959337499342e+04
3.575000000000000000e+01,1.446863008055349928e+04
3.577083333333332860e+01,1.446863051248765987e+04
3.579166666666666430e+01,1.446863088870248612e+04
3.581250000000000000e+01,1.446863120875655295e+04
3.583333333333332860e+01,1.446863147224372733e+04
3.585416666666666430e+01,1.446863167879413959e+04
3.587500000000000000e+01,1.446863182807589328e+04
3.589583333333332860e+01,1.446863191979698604e+04
3.591666666666666430e+01,1.446863195370696485e+04
3.593750000000000000e+01,1.446863192959913067e+04
3.595833333333332860e+01,1.446863184731256842e+04
3.597916666666666430e+01,1.446863170673414425e+04
3.600000000000000000e+01,1.446863150780050637e+04
3.602083333333332860e+01,1.446863125049981318e+04
3.604166666666666430e+01,1.446863093487333754e+04
3.606250000000000000e+01,1.446863056101681650e+04
3.608333333333332860e+01,1.446863012908148448e+04
3.610416666666666430e+01,1.446862963927463352e+04
3.612500000000000000e+01,1.446862909186007164e+04
3.614583333333332860e+01,1.446862848715801738e+04
3.616666666666666430e+01,1.446862782554482328e+04
3.618750000000000000e+01,1.446862710745211007e+04
3.620833333333332860e+01,1.446862633336608997e+04
3.622916666666666430e+01,1.446862550382608606e+04
3.625000000000000000e+01,1.446862461942335358e+04
3.627083333333332860e+01,1.446862368079953740e+04
3.629166666666666430e+01,1.446862268864500584e+04
3.631250000000000000e+01,1.446862164369736638e+04
3.633333333333332860e+01,1.446862054673975581e+04
3.635416666666666430e+01,1.446861939859931954e+04
3.637500000000000000e+01,1.446861820014570912e+04
3.639583333333332860e+01,1.446861695228968892e+04
3.641666666666666430e+01,1.446861565598184097e+04
3.643750000000000000e+01,1.446861431221127350e+04
3.645833333333332860e+01,1.446861292200452226e+04
3.647916666666666430e+01,1.446861148642455737e+04
3.650000000000000000e+01,1.446861000656965552e+04
3.652083333333332860e+01,1.446860848357253053e+04
3.654166666666666430e+01,1.446860691859938379e+04
3.656250000000000000e+01,1.446860531284895114e+04
3.658333333333332860e+01,1.446860366755166251e+04
3.660416666666666430e+01,1.446860198396872511e+04
3.662500000000000000e+01,1.446860026339103206e+04
3.664583333333332860e+01,1.446859850713844935e+04
3.666666666666666430e+01,1.446859671655862985e+04
3.668750000000000000e+01,1.446859489302623479e+04
3.670833333333332860e+01,1.446859303794183143e+04
3.672916666666666430e+01,1.446859115273083444e+04
3.675000000000000000e+01,1.446858923884274554e+04
3.677083333333332860e+01,1.446858729774991298e+04
3.679166666666666430e+01,1.446858533094661470e+04
3.681250000000000000e+01,1.446858333994820350e+04
3.683333333333332860e+01,1.446858132628992098e+04
3.685416666666666430e+01,1.446857929152612996e+04
3.687500000000000000e+01,1.446857723722913579e+04
3.689583333333332860e+01,1.446857516498835685e+04
3.691666666666666430e+01,1.446857307640931322e+04
3.693750000000000000e+01,1.446857097311253892e+04
3.695833333333332860e+01,1.446856885673275247e+04
3.697916666666666430e+01,1.446856672891766357e+04
3.700000000000000000e+01,1.446856459132708187e+04
3.702083333333332860e+01,1.446856244563174187e+04
3.704166666666666430e+01,1.446856029351225152e+04
3.706250000000000000e+01,1.446855813665807000e+04
3.708333333333332860e+01,1.446855597676635080e+04
3.710416666666666430e+01,1.446855381554078849e+04
3.712500000000000000e+01,1.446855165469046551e+04
3.714583333333332860e+01,1.446854949592879711e+04
3.716666666666666430e+01,1.446854734097229084e+04
3.718750000000000000e+01,1.446854519153941874e+04
3.720833333333332860e+01,1.446854304934945685e+04
3.722916666666666430e+01,1.446854091612127377e+04
3.725000000000000000e+01,1.446853879357226106e+04
3.727083333333332860e+01,1.446853668341705270e+04
3.729166666666666430e+01,1.446853458736650646e+04
3.731250000000000000e+01,1.446853250712634326e+04
3.733333333333332860e+01,1.446853044439628502e+04
3.735416666666666430e+01,1.446852840086859214e+04
3.737500000000000000e+01,1.446852637822701581e+04
3.739583333333332860e+01,1.446852437814585574e+04
3.741666666666666430e+01,1.446852240228839582e+04
3.743750000000000000e+01,1.446852045230608564e+04
3.745833333333332860e+01,1.446851852983736171e+04
3.747916666666666430e+01,1.446851663650630144e+04
3.750000000000000000e+01,1.446851477392171000e+04
3.752083333333332860e+01,1.446851294367582886e+04
3.754166666666666430e+01,1.446851114734326984e+04
3.756250000000000000e+01,1.446850938647992371e+04
3.758333333333332860e+01,1.446850766262180696e+04
3.760416666666666430e+01,1.446850597728397406e+04
3.762500000000000000e+01,1.446850433195947335e+04
3.764583333333332860e+01,1.446850272811811737e+04
3.766666666666666430e+01,1.446850116720565711e+04
3.768750000000000000e+01,1.446849965064255957e+04
3.770833333333332860e+01,1.446849817982307286e+04
3.772916666666666430e+01,1.446849675611418206e+04
3.775000000000000000e+01,1.446849538085459426e+04
3.777083333333332860e+01,1.446849405535374899e+04
3.779166666666666430e+01,1.446849278089097788e+04
3.781250000000000000e+01,1.446849155871439871e+04
3.783333333333332860e+01,1.446849039004007136e+04
3.785416666666666430e+01,1.446848927605104836e+04
3.787500000000000000e+01,1.446848821789667636e+04
3.789583333333332860e+01,1.446848721669142833e+04
3.791666666666666430e+01,1.446848627351431787e+04
3.793750000000000000e+01,1.446848538940788421e+04
3.795833333333332860e+01,1.446848456537751917e+04
3.797916666666666430e+01,1.446848380239069957e+04
3.800000000000000000e+01,1.446848310137614681e+04
3.802083333333332860e+01,1.446848246322311388e+04
3.804166666666666430e+01,1.446848188878077417e+04
3.806250000000000000e+01,1.446848137885746837e+04
3.808333333333332860e+01,1.446848093422005695e+04
3.810416666666666430e+01,1.446848055559329077e+04
3.812500000000000000e+01,1.446848024365931997e+04
3.814583333333332860e+01,1.446847999905692632e+04
3.816666666666666430e+01,1.446847982238125041e+04
3.818750000000000000e+01,1.446847971418299858e+04
3.820833333333332860e+01,1.446847967496819183e+04
3.822916666666666430e+01,1.446847970519762021e+04
3.825000000000000000e+01,1.446847980528644621e+04
3.827083333333332860e+01,1.446847997560378280e+04
3.829166666666666430e+01,1.446848021647224232e+04
3.831250000000000000e+01,1.446848052816792915e+04
3.833333333333332860e+01,1.446848091091977403e+04
3.835416666666666430e+01,1.446848136490953038e+04
3.837500000000000000e+01,1.446848189027130138e+04
3.839583333333332860e+01,1.446848248709162726e+04
3.841666666666666430e+01,1.446848315540901240e+04
3.843750000000000000e+01,1.446848389521405988e+04
3.845833333333332860e+01,1.446848470644918416e+04
3.847916666666666430e+01,1.446848558900857461e+04
3.850000000000000000e+01,1.446848654273821739e+04
3.852083333333332860e+01,1.446848756743585182e+04
3.854166666666666430e+01,1.446848866285098484e+04
3.856250000000000000e+01,1.446848982868492385e+04
3.858333333333332860e+01,1.446849106459100585e+04
3.860416666666666430e+01,1.446849237017453925e+04
3.862500000000000000e+01,1.446849374499302576e+04
3.864583333333332860e+01,1.446849518855652059e+04
3.866666666666666430e+01,1.446849670032761787e+04
3.868750000000000000e+01,1.446849827972176718e+04
3.870833333333332860e+01,1.446849992610775371e+04
3.872916666666666430e+01,1.446850163880775654e+04
3.875000000000000000e+01,1.446850341709781060e+04
3.877083333333332860e+01,1.446850526020831603e+04
3.879166666666666430e+01,1.446850716732432556e+04
3.881250000000000000e+01,1.446850913758594470e+04
3.883333333333332860e+01,1.446851117008901201e+04
3.885416666666666430e+01,1.446851326388540110e+04
3.887500000000000000e+01,1.446851541798372637e+04
3.889583333333332860e+01,1.446851763134990688e+04
3.891666666666666430e+01,1.446851990290763206e+04
3.893750000000000000e+01,1.446852223153914747e+04
3.895833333333332860e+01,1.446852461608594240e+04
3.897916666666666430e+01,1.446852705534927372e+04
3.900000000000000000e+01,1.446852954809104631e+04
3.902083333333332860e+01,1.446853209303455878e+04
3.904166666666666430e+01,1.446853468886518385e+04
3.906250000000000000e+01,1.446853733423129597e+04
3.908333333333332860e+01,1.446854002774499531e+04
3.910416666666666430e+01,1.446854276798311184e+04
3.912500000000000000e+01,1.446854555348791473e+04
3.914583333333332860e+01,1.446854838276824739e+04
3.916666666666666430e+01,1.446855125430021144e+04
3.918750000000000000e+01,1.446855416652838176e+04
3.920833333333332860e+01,1.446855711786651227e+04
3.922916666666666430e+01,1.446856010669882744e+04
3.925000000000000000e+01,1.446856313138087353e+04
3.927083333333332860e+01,1.446856619024065731e+04
3.929166666666666430e+01,1.446856928157956281e+04
3.931250000000000000e+01,1.446857240367371560e+04
3.933333333333332860e+01,1.446857555477473215e+04
3.935416666666666430e+01,1.446857873311121148e+04
3.937500000000000000e+01,1.446858193688963365e+04
3.939583333333332860e+01,1.446858516429560768e+04
3.941666666666666430e+01,1.446858841349499198e+04
3.943750000000000000e+01,1.446859168263517495e+04
3.945833333333332860e+01,1.446859496984618454e+04
3.947916666666666430e+01,1.446859827324196158e+04
3.950000000000000000e+01,1.446860159092158938e+04
3.952083333333332860e+01,1.446860492097048700e+04
3.954166666666666430e+01,1.446860826146170075e+04
3.956250000000000000e+01,1.446861161045715926e+04
3.958333333333332860e+01,1.446861496600881583e+04
3.960416666666666430e+01,1.446861832616023457e+04
3.962500000000000000e+01,1.446862168894748902e+04
3.964583333333332860e+01,1.446862505240068640e+04
3.966666666666666430e+01,1.446862841454517547e+04
3.968750000000000000e+01,1.446863177340290349e+04
3.970833333333332860e+01,1.446863512699362764e+04
3.972916666666666430e+01,1.446863847333627200e+04
3.975000000000000000e+01,1.446864181045013174e+04
3.977083333333332860e+01,1.446864513635632829e+04
3.979166666666666430e+01,1.446864844907896986e+04
3.981250000000000000e+01,1.446865174664649749e+04
3.983333333333332860e+01,1.446865502709298016e+04
3.985416666666666430e+01,1.446865828845931901e+04
3.987500000000000000e+01,1.446866152879474976e+04
3.989583333333332860e+01,1.446866474615784318e+04
3.991666666666666430e+01,1.446866793861795668e+04
3.993750000000000000e+01,1.446867110425644569e+04
3.995833333333332860e+01,1.446867424116797338e+04
3.997916666666666430e+01,1.446867734746169299e+04
4.000000000000000000e+01,1.446868042126253931e+04
4.002083333333332860e+01,1.446868346071251290e+04
4.004166666666666430e+01,1.446868646397185876e+04
4.006250000000000000e+01,1.446868942922025235e+04
4.008333333333332860e+01,1.446869235465820020e+04
4.010416666666666430e+01,1.446869523850817495e+04
4.012500000000000000e+01,1.446869807901573586e+04
4.014583333333332860e+01,1.446870087445096942e+04
4.016666666666666430e+01,1.446870362310953715e+04
4.018750000000000000e+01,1.446870632331407978e+04
4.020833333333332860e+01,1.446870897341527598e+04
4.022916666666666430e+01,1.446871157179324655e+04
4.025000000000000000e+01,1.446871411685867497e+04
4.027083333333332860e+01,1.446871660705429167e+04
4.029166666666666430e+01,1.446871904085599817e+04
4.031250000000000000e+01,1.446872141677426407e+04
4.033333333333332860e+01,1.446872373335538941e+04
4.035416666666666430e+01,1.446872598918310905e+04
4.037500000000000000e+01,1.446872818287967675e+04
4.039583333333332860e+01,1.446873031310758961e+04
4.041666666666666430e+01,1.446873237857082131e+04
4.043750000000000000e+01,1.446873437801652108e+04
4.045833333333332860e+01,1.446873631023641428e+04
4.047916666666666430e+01,1.446873817406838134e+04
4.050000000000000000e+01,1.446873996839799293e+04
4.052083333333332860e+01,1.446874169216018345e+04
4.054166666666666430e+01,1.446874334434061529e+04
4.056250000000000000e+01,1.446874492397751601e+04
4.058333333333332860e+01,1.446874643016270420e+04
4.060416666666666430e+01,1.446874786204357224e+04
4.062500000000000000e+01,1.446874921882393392e+04
4.064583333333332860e+01,1.446875049976563241e+04
4.066666666666666430e+01,1.446875170418929338e+04
4.068750000000000000e+01,1.446875283147540540e+04
4.070833333333332860e+01,1.446875388106496757e+04
4.072916666666666430e+01,1.446875485245997697e+04
4.075000000000000000e+01,1.446875574522355237e+04
4.077083333333332860e+01,1.446875655897986144e+04
4.079166666666666430e+01,1.446875729341374245e+04
4.081250000000000000e+01,1.446875794827011850e+04
4.083333333333332860e+01,1.446875852335288073e+04
4.085416666666666430e+01,1.446875901852359311e+04
4.087500000000000000e+01,1.446875943370010282e+04
4.089583333333332860e+01,1.446875976885468845e+04
4.091666666666666430e+01,1.446876002401206279e+04
4.093750000000000000e+01,1.446876019924720458e+04
4.095833333333332860e+01,1.446876029468331762e+04
4.097916666666666430e+01,1.446876031048963341e+04
4.100000000000000000e+01,1.446876024687883546e+04
4.102083333333332860e+01,1.446876010410548406e+04
4.104166666666666430e+01,1.446875988246366251e+04
4.106250000000000000e+01,1.446875958228550007e+04
4.108333333333332860e+01,1.446875920393950946e+04
4.110416666666666430e+01,1.446875874782940446e+04
4.112500000000000000e+01,1.446875821439314677e+04
4.114583333333332860e+01,1.446875760410228031e+04
4.116666666666666430e+01,1.446875691746157099e+04
4.118750000000000000e+01,1.446875615500878848e+04
4.120833333333332860e+01,1.446875531731487354e+04
4.122916666666666430e+01,1.446875440498413809e+04
4.125000000000000000e+01,1.446875341865467999e+04
4.127083333333332860e+01,1.446875235899899781e+04
4.129166666666666430e+01,1.446875122672442740e+04
4.131250000000000000e+01,1.446875002257366214e+04
4.133333333333332860e+01,1.446874874732534954e+04
4.135416666666666430e+01,1.446874740179446599e+04
4.137500000000000000e+01,1.446874598683287331e+04
4.139583333333332860e+01,1.446874450332930428e+04
4.141666666666666430e+01,1.446874295220968997e+04
4.143750000000000000e+01,1.446874133443705796e+04
4.145833333333332860e+01,1.446873965101163776e+04
4.147916666666666430e+01,1.446873790297046071e+04
4.150000000000000000e+01,1.446873609138710162e+04
4.152083333333332860e+01,1.446873421737148237e+04
4.154166666666666430e+01,1.446873228206918429e+04
4.156250000000000000e+01,1.446873028666114260e+04
4.158333333333332860e+01,1.446872823236292243e+04
4.160416666666666430e+01,1.446872612042434776e+04
4.162500000000000000e+01,1.446872395212868651e+04
4.164583333333332860e+01,1.446872172879202844e+04
4.166666666666666430e+01,1.446871945176268855e+04
4.168750000000000000e+01,1.446871712242034482e+04
4.170833333333332860e+01,1.446871474217539799e+04
4.172916666666666430e+01,1.446871231246815660e+04
4.175000000000000000e+01,1.446870983476802212e+04
4.177083333333332860e+01,1.446870731057256125e+04
4.179166666666666430e+01,1.446870474140663282e+04
4.181250000000000000e+01,1.446870212882151463e+04
4.183333333333332860e+01,1.446869947439380485e+04
4.185416666666666430e+01,1.446869677972446516e+04
4.187500000000000000e+01,1.446869404643778398e+04
4.189583333333332860e+01,1.446869127618028506e+04
4.191666666666666430e+01,1.446868847061954148e+04
4.193750000000000000e+01,1.446868563144316067e+04
4.195833333333332860e+01,1.446868276035768577e+04
4.197916666666666430e+01,1.446867985908728224e+04
4.200000000000000000e+01,1.446867692937272659e+04
4.202083333333332860e+01,1.446867397297008210e+04
4.204166666666666430e+01,1.446867099164980755e+04
4.206250000000000000e+01,1.446866798719530198e+04
4.208333333333332860e+01,1.446866496140191884e+04
4.210416666666666430e+01,1.446866191607565634e+04
4.212500000000000000e+01,1.446865885303205869e+04
4.214583333333332860e+01,1.446865577409510297e+04
4.216666666666666430e+01,1.446865268109587123e+04
4.218750000000000000e+01,1.446864957587138997e+04
4.220833333333332860e+01,1.446864646026349510e+04
4.222916666666666430e+01,1.446864333611757320e+04
4.225000000000000000e+01,1.446864020528147739e+04
4.227083333333332860e+01,1.446863706960401396e+04
4.229166666666666430e+01,1.446863393093405466e+04
4.231250000000000000e+01,1.446863079111913612e+04
4.233333333333332860e+01,1.446862765200429931e+04
4.235416666666666430e+01,1.446862451543086718e+04
4.237500000000000000e+01,1.446862138323515683e+04
4.239583333333332860e+01,1.446861825724736991e+04
4.241666666666666430e+01,1.446861513929038483e+04
4.243750000000000000e+01,1.446861203117842888e+04
4.245833333333332860e+01,1.446860893471605959e+04
4.247916666666666430e+01,1.446860585169681144e+04
4.250000000000000000e+01,1.446860278390216263e+04
4.252083333333332860e+01,1.446859973310034184e+04
4.254166666666666430e+01,1.446859670104507313e+04
4.256250000000000000e+01,1.446859368947454277e+04
4.258333333333332860e+01,1.446859070011022413e+04
4.260416666666666430e+01,1.446858773465575723e+04
4.262500000000000000e+01,1.446858479479584275e+04
4.264583333333332860e+01,1.446858188219511067e+04
4.266666666666666430e+01,1.446857899849706882e+04
4.268750000000000000e+01,1.446857614532308799e+04
4.270833333333332860e+01,1.446857332427112851e+04
4.272916666666666430e+01,1.446857053691492911e+04
4.275000000000000000e+01,1.446856778480287539e+04
4.277083333333332860e+01,1.446856506945692672e+04
4.279166666666666430e+01,1.446856239237176851e+04
4.281250000000000000e+01,1.446855975501367720e+04
4.283333333333332860e+01,1.446855715881963988e+04
4.285416666666666430e+01,1.446855460519642293e+04
4.287500000000000000e+01,1.446855209551961161e+04
4.289583333333332860e+01,1.446854963113270787e+04
4.291666666666666430e+01,1.446854721334640271e+04
4.293750000000000000e+01,1.446854484343736840e+04
4.295833333333332860e+01,1.446854252264781826e+04
4.297916666666666430e+01,1.446854025218452443e+04
4.300000000000000000e+01,1.446853803321798114e+04
4.302083333333332860e+01,1.446853586688172436e+04
4.304166666666666430e+01,1.446853375427161154e+04
4.306250000000000000e+01,1.446853169644502123e+04
4.308333333333332860e+01,1.446852969442024551e+04
4.310416666666666430e+01,1.446852774917580973e+04
4.312500000000000000e+01,1.446852586164982495e+04
4.314583333333332860e+01,1.446852403273947857e+04
4.316666666666666430e+01,1.446852226330021585e+04
4.318750000000000000e+01,1.446852055414547067e+04
4.320833333333332860e+01,1.446851890604593791e+04
4.322916666666666430e+01,1.446851731972926063e+04
4.325000000000000000e+01,1.446851579587937158e+04
4.327083333333332860e+01,1.446851433513617667e+04
4.329166666666666430e+01,1.446851293809524213e+04
4.331250000000000000e+01,1.446851160530714333e+04
4.333333333333332860e+01,1.446851033727738104e+04
4.335416666666666430e+01,1.446850913446598133e+04
4.337500000000000000e+01,1.446850799728721177e+04
4.339583333333332860e+01,1.446850692610933766e+04
4.341666666666666430e+01,1.446850592125437470e+04
4.343750000000000000e+01,1.446850498299799074e+04
4.345833333333332860e+01,1.446850411156927294e+04
4.347916666666666430e+01,1.446850330715057135e+04
4.350000000000000000e+01,1.446850256987758985e+04
4.352083333333332860e+01,1.446850189983911696e+04
4.354166666666666430e+01,1.446850129707718952e+04
4.356250000000000000e+01,1.446850076158688535e+04
4.358333333333332860e+01,1.446850029331657424e+04
4.360416666666666430e+01,1.446849989216791437e+04
4.362500000000000000e+01,1.446849955799597592e+04
4.364583333333332860e+01,1.446849929060921204e+04
4.366666666666666430e+01,1.446849908976997176e+04
4.368750000000000000e+01,1.446849895519440543e+04
4.370833333333332860e+01,1.446849888655278119e+04
4.372916666666666430e+01,1.446849888346987063e+04
4.375000000000000000e+01,1.446849894552509431e+04
4.377083333333332860e+01,1.446849907225293646e+04
4.379166666666666430e+01,1.446849926314330514e+04
4.381250000000000000e+01,1.446849951764192883e+04
4.383333333333332860e+01,1.446849983515076019e+04
4.385416666666666430e+01,1.446850021502844174e+04
4.387500000000000000e+01,1.446850065659082611e+04
4.389583333333332860e+01,1.446850115911151806e+04
4.391666666666666430e+01,1.446850172182229653e+04
4.393750000000000000e+01,1.446850234391387130e+04
4.395833333333332860e+01,1.446850302453636323e+04
4.397916666666666430e+01,1.446850376280007185e+04
4.400000000000000000e+01,1.446850455777594834e+04
4.402083333333332860e+01,1.446850540849645404e+04
4.404166666666666430e+01,1.446850631395623714e+04
4.406250000000000000e+01,1.446850727311299124e+04
4.408333333333332860e+01,1.446850828488800835e+04
4.410416666666666430e+01,1.446850934816714653e+04
4.412500000000000000e+01,1.446851046180167032e+04
4.414583333333332860e+01,1.446851162460900741e+04
4.416666666666666430e+01,1.446851283537376003e+04
4.418750000000000000e+01,1.446851409284851616e+04
4.420833333333332860e+01,1.446851539575477000e+04
4.422916666666666430e+01,1.446851674278395876e+04
4.425000000000000000e+01,1.446851813259845585e+04
4.427083333333332860e+01,1.446851956383241850e+04
4.429166666666666430e+01,1.446852103509294102e+04
4.431250000000000000e+01,1.446852254496110618e+04
4.433333333333332860e+01,1.446852409199290560e+04
4.435416666666666430e+01,1.446852567472052033e+04
4.437500000000000000e+01,1.446852729165325218e+04
4.439583333333332860e+01,1.446852894127876789e+04
4.441666666666666430e+01,1.446853062206407412e+04
4.443750000000000000e+01,1.446853233245690353e+04
4.445833333333332860e+01,1.446853407088662789e+04
4.447916666666666430e+01,1.446853583576566962e+04
4.450000000000000000e+01,1.446853762549053499e+04
4.452083333333332860e+01,1.446853943844307287e+04
4.454166666666666430e+01,1.446854127299176616e+04
4.456250000000000000e+01,1.446854312749283417e+04
4.458333333333332860e+01,1.446854500029166593e+04
4.460416666666666430e+01,1.446854688972386430e+04
4.462500000000000000e+01,1.446854879411666479e+04
4.464583333333332860e+01,1.446855071179024890e+04
4.466666666666666430e+01,1.446855264105884271e+04
4.468750000000000000e+01,1.446855458023217943e+04
4.470833333333332860e+01,1.446855652761671081e+04
4.472916666666666430e+01,1.446855848151694954e+04
4.475000000000000000e+01,1.446856044023685172e+04
4.477083333333332860e+01,1.446856240208090458e+04
4.479166666666666430e+01,1.446856436535573084e+04
4.481250000000000000e+01,1.446856632837120560e+04
4.483333333333332860e+01,1.446856828944181689e+04
4.485416666666666430e+01,1.446857024688812817e+04
4.487500000000000000e+01,1.446857219903785153e+04
4.489583333333332860e+01,1.446857414422737929e+04
4.491666666666666430e+01,1.446857608080305363e+04
4.493750000000000000e+01,1.446857800712229800e+04
4.495833333333332860e+01,1.446857992155515967e+04
4.497916666666666430e+01,1.446858182248557205e+04
4.500000000000000000e+01,1.446858370831239881e+04
4.502083333333332860e+01,1.446858557745107828e+04
4.504166666666666430e+01,1.446858742833452197e+04
4.506250000000000000e+01,1.446858925941461712e+04
4.508333333333332860e+01,1.446859106916335440e+04
4.510416666666666430e+01,1.446859285607393758e+04
4.512500000000000000e+01,1.446859461866219499e+04
4.514583333333332860e+01,1.446859635546744175e+04
4.516666666666666430e+01,1.446859806505385859e+04
4.518750000000000000e+01,1.446859974601133581e+04
4.520833333333332860e+01,1.446860139695667021e+04
4.522916666666666430e+01,1.446860301653450733e+04
4.525000000000000000e+01,1.446860460341824728e+04
4.527083333333332860e+01,1.446860615631095789e+04
4.529166666666666430e+01,1.446860767394618233e+04
4.531250000000000000e+01,1.446860915508874314e+04
4.533333333333332860e+01,1.446861059853529514e+04
4.535416666666666430e+01,1.446861200311502762e+04
4.537500000000000000e+01,1.446861336769012269e+04
4.539583333333332860e+01,1.446861469115619184e+04
4.541666666666666430e+01,1.446861597244270888e+04
4.543750000000000000e+01,1.446861721051302084e+04
4.545833333333332860e+01,1.446861840436474813e+04
4.547916666666666430e+01,1.446861955302961724e+04
4.550000000000000000e+01,1.446862065557360984e+04
4.552083333333332860e+01,1.446862171109673000e+04
4.554166666666666430e+01,1.446862271873280042e+04
4.556250000000000000e+01,1.446862367764933151e+04
4.558333333333332860e+01,1.446862458704712117e+04
4.560416666666666430e+01,1.446862544615989464e+04
4.562500000000000000e+01,1.446862625425422084e+04
4.564583333333332860e+01,1.446862701062892666e+04
4.566666666666666430e+01,1.446862771461504599e+04
4.568750000000000000e+01,1.446862836557567425e+04
4.570833333333332860e+01,1.446862896290578283e+04
4.572916666666666430e+01,1.446862950603247009e+04
4.575000000000000000e+01,1.446862999441521242e+04
4.577083333333332860e+01,1.446863042754628259e+04
4.579166666666666430e+01,1.446863080495146642e+04
4.581250000000000000e+01,1.446863112619095045e+04
4.583333333333332860e+01,1.446863139086050069e+04
4.585416666666666430e+01,1.446863159859274310e+04
4.587500000000000000e+01,1.446863174905872074e+04
4.589583333333332860e+01,1.446863184196964721e+04
4.591666666666666430e+01,1.446863187707866018e+04
4.593750000000000000e+01,1.446863185418281137e+04
4.595833333333332860e+01,1.446863177312496555e+04
4.597916666666666430e+01,1.446863163379585603e+04
4.600000000000000000e+01,1.446863143613575812e+04
4.602083333333332860e+01,1.446863118013623898e+04
4.604166666666666430e+01,1.446863086584166376e+04
4.606250000000000000e+01,1.446863049335035612e+04
4.608333333333332860e+01,1.446863006281569324e+04
4.610416666666666430e+01,1.446862957444662243e+04
4.612500000000000000e+01,1.446862902850791579e+04
4.614583333333332860e+01,1.446862842532028662e+04
4.616666666666666430e+01,1.446862776525989466e+04
4.618750000000000000e+01,1.446862704875787313e+04
4.620833333333332860e+01,1.446862627629920098e+04
4.622916666666666430e+01,1.446862544842176430e+04
4.625000000000000000e+01,1.446862456571497751e+04
4.627083333333332860e+01,1.446862362881832451e+04
4.629166666666666430e+01,1.446862263841997265e+04
4.631250000000000000e+01,1.446862159525508105e+04
4.633333333333332860e+01,1.446862050010428720e+04
4.635416666666666430e+01,1.446861935379240094e+04
4.637500000000000000e+01,1.446861815718666912e+04
4.639583333333332860e+01,1.446861691119558600e+04
4.641666666666666430e+01,1.446861561676756173e+04
4.643750000000000000e+01,1.446861427488965637e+04
4.645833333333332860e+01,1.446861288658654667e+04
4.647916666666666430e+01,1.446861145291943467e+04
4.650000000000000000e+01,1.446860997498494544e+04
4.652083333333332860e+01,1.446860845391428302e+04
4.654166666666666430e+01,1.446860689087225910e+04
4.656250000000000000e+01,1.446860528705632169e+04
4.658333333333332860e+01,1.446860364369562376e+04
4.660416666666666430e+01,1.446860196205018656e+04
4.662500000000000000e+01,1.446860024340989912e+04
4.664583333333332860e+01,1.446859848909349967e+04
4.666666666666666430e+01,1.446859670044776794e+04
4.668750000000000000e+01,1.446859487884641931e+04
4.670833333333332860e+01,1.446859302568915882e+04
4.672916666666666430e+01,1.446859114240072449e+04
4.675000000000000000e+01,1.446858923042974129e+04
4.677083333333332860e+01,1.446858729124798992e+04
4.679166666666666430e+01,1.446858532634923540e+04
4.681250000000000000e+01,1.446858333724827025e+04
4.683333333333332860e+01,1.446858132547987407e+04
4.685416666666666430e+01,1.446857929259794764e+04
4.687500000000000000e+01,1.446857724017450164e+04
4.689583333333332860e+01,1.446857516979863794e+04
4.691666666666666430e+01,1.446857308307553831e+04
4.693750000000000000e+01,1.446857098162556576e+04
4.695833333333332860e+01,1.446856886708315506e+04
4.697916666666666430e+01,1.446856674109581218e+04
4.700000000000000000e+01,1.446856460532314304e+04
4.702083333333332860e+01,1.446856246143567114e+04
4.704166666666666430e+01,1.446856031111381526e+04
4.706250000000000000e+01,1.446855815604687450e+04
4.708333333333332860e+01,1.446855599793174042e+04
4.710416666666666430e+01,1.446855383847198755e+04
4.712500000000000000e+01,1.446855167937645092e+04
4.714583333333332860e+01,1.446854952235841847e+04
4.716666666666666430e+01,1.446854736913419038e+04
4.718750000000000000e+01,1.446854522142208589e+04
4.720833333333332860e+01,1.446854308094117732e+04
4.722916666666666430e+01,1.446854094941024596e+04
4.725000000000000000e+01,1.446853882854650510e+04
4.727083333333332860e+01,1.446853672006445049e+04
4.729166666666666430e+01,1.446853462567473252e+04
4.731250000000000000e+01,1.446853254708310487e+04
4.733333333333332860e+01,1.446853048598901660e+04
4.735416666666666430e+01,1.446852844408459350e+04
4.737500000000000000e+01,1.446852642305360132e+04
4.739583333333332860e+01,1.446852442457007419e+04
4.741666666666666430e+01,1.446852245029720871e+04
4.743750000000000000e+01,1.446852050188643261e+04
4.745833333333332860e+01,1.446851858097589866e+04
4.747916666666666430e+01,1.446851668918965152e+04
4.750000000000000000e+01,1.446851482813628172e+04
4.752083333333332860e+01,1.446851299940798708e+04
4.754166666666666430e+01,1.446851120457916841e+04
4.756250000000000000e+01,1.446850944520562189e+04
4.758333333333332860e+01,1.446850772282321486e+04
4.760416666666666430e+01,1.446850603894684536e+04
4.762500000000000000e+01,1.446850439506941984e+04
4.764583333333332860e+01,1.446850279266065991e+04
4.766666666666666430e+01,1.446850123316612371e+04
4.768750000000000000e+01,1.446849971800620915e+04
4.770833333333332860e+01,1.446849824857502244e+04
4.772916666666666430e+01,1.446849682623935951e+04
4.775000000000000000e+01,1.446849545233780373e+04
4.777083333333332860e+01,1.446849412817971825e+04
4.779166666666666430e+01,1.446849285504426007e+04
4.781250000000000000e+01,1.446849163417946329e+04
4.783333333333332860e+01,1.446849046680118408e+04
4.785416666666666430e+01,1.446848935409246769e+04
4.787500000000000000e+01,1.446848829720240610e+04
4.789583333333332860e+01,1.446848729724540681e+04
4.791666666666666430e+01,1.446848635530029424e+04
4.793750000000000000e+01,1.446848547240952757e+04
4.795833333333332860e+01,1.446848464957839315e+04
4.797916666666666430e+01,1.446848388777415676e+04
4.800000000000000000e+01,1.446848318792544887e+04
4.802083333333332860e+01,1.446848255092144245e+04
4.804166666666666430e+01,1.446848197761109259e+04
4.806250000000000000e+01,1.446848146880262357e+04
4.808333333333332860e+01,1.446848102526283401e+04
4.810416666666666430e+01,1.446848064771633653e+04
4.812500000000000000e+01,1.446848033684505208e+04
4.814583333333332860e+01,1.446848009328779517e+04
4.816666666666666430e+01,1.446847991763943355e+04
4.818750000000000000e+01,1.446847981045066990e+04
4.820833333333332860e+01,1.446847977222736154e+04
4.822916666666666430e+01,1.446847980343013478e+04
4.825000000000000000e+01,1.446847990447406482e+04
4.827083333333332860e+01,1.446848007572810457e+04
4.829166666666666430e+01,1.446848031751489179e+04
4.831250000000000000e+01,1.446848063011025079e+04
4.833333333333332860e+01,1.446848101374307225e+04
4.835416666666666430e+01,1.446848146859494227e+04
4.837500000000000000e+01,1.446848199479994582e+04
4.839583333333332860e+01,1.446848259244440487e+04
4.841666666666666430e+01,1.446848326156676922e+04
4.843750000000000000e+01,1.446848400215752190e+04
4.845833333333332860e+01,1.446848481415898277e+04
4.847916666666666430e+01,1.446848569746521389e+04
4.850000000000000000e+01,1.446848665192210319e+04
4.852083333333332860e+01,1.446848767732724082e+04
4.854166666666666430e+01,1.446848877343007553e+04
4.856250000000000000e+01,1.446848993993182739e+04
4.858333333333332860e+01,1.446849117648572428e+04
4.860416666666666430e+01,1.446849248269692544e+04
4.862500000000000000e+01,1.446849385812291803e+04
4.864583333333332860e+01,1.446849530227365176e+04
4.866666666666666430e+01,1.446849681461153159e+04
4.868750000000000000e+01,1.446849839455206893e+04
4.870833333333332860e+01,1.446850004146379433e+04
4.872916666666666430e+01,1.446850175466894507e+04
4.875000000000000000e+01,1.446850353344342511e+04
4.877083333333332860e+01,1.446850537701753274e+04
4.879166666666666430e+01,1.446850728457621881e+04
4.881250000000000000e+01,1.446850925525957791e+04
4.883333333333332860e+01,1.446851128816332130e+04
4.885416666666666430e+01,1.446851338233929710e+04
4.887500000000000000e+01,1.446851553679603603e+04
4.889583333333332860e+01,1.446851775049934804e+04
4.891666666666666430e+01,1.446852002237288980e+04
4.893750000000000000e+01,1.446852235129890323e+04
4.895833333333332860e+01,1.446852473611873211e+04
4.897916666666666430e+01,1.446852717563361148e+04
4.900000000000000000e+01,1.446852966860542801e+04
4.902083333333332860e+01,1.446853221375736757e+04
4.904166666666666430e+01,1.446853480977479558e+04
4.906250000000000000e+01,1.446853745530603192e+04
4.908333333333332860e+01,1.446854014896319131e+04
4.910416666666666430e+01,1.446854288932299096e+04
4.912500000000000000e+01,1.446854567492774731e+04
4.914583333333332860e+01,1.446854850428616191e+04
4.916666666666666430e+01,1.446855137587447098e+04
4.918750000000000000e+01,1.446855428813705657e+04
4.920833333333332860e+01,1.446855723948780724e+04
4.922916666666666430e+01,1.446856022831085284e+04
4.925000000000000000e+01,1.446856325296176510e+04
4.927083333333332860e+01,1.446856631176851079e+04
4.929166666666666430e+01,1.446856940303253214e+04
4.931250000000000000e+01,1.446857252502987103e+04
4.933333333333332860e+01,1.446857567601227856e+04
4.935416666666666430e+01,1.446857885420827733e+04
4.937500000000000000e+01,1.446858205782438017e+04
4.939583333333332860e+01,1.446858528504619971e+04
4.941666666666666430e+01,1.446858853403966350e+04
4.943750000000000000e+01,1.446859180295216720e+04
4.945833333333332860e+01,1.446859508991381153e+04
4.947916666666666430e+01,1.446859839303855915e+04
4.950000000000000000e+01,1.446860171042555521e+04
4.952083333333332860e+01,1.446860504016021514e+04
4.954166666666666430e+01,1.446860838031572348e+04
4.956250000000000000e+01,1.446861172895392519e+04
4.958333333333332860e+01,1.446861508412705734e+04
4.960416666666666430e+01,1.446861844387855308e+04
4.962500000000000000e+01,1.446862180624466055e+04
4.964583333333332860e+01,1.446862516925554519e+04
4.966666666666666430e+01,1.446862853093669764e+04
4.968750000000000000e+01,1.446863188931005425e+04
4.970833333333332860e+01,1.446863524239553590e+04
4.972916666666666430e+01,1.446863858821205213e+04
4.975000000000000000e+01,1.446864192477914548e+04
4.977083333333332860e+01,1.446864525011794103e+04
4.979166666666666430e+01,1.446864856225267067e+04
4.981250000000000000e+01,1.446865185921182274e+04
4.983333333333332860e+01,1.446865513902964813e+04
4.985416666666666430e+01,1.446865839974712799e+04
4.987500000000000000e+01,1.446866163941353079e+04
4.989583333333332860e+01,1.446866485608759467e+04
4.991666666666666430e+01,1.446866804783868429e+04
4.993750000000000000e+01,1.446867121274834790e+04
4.995833333333332860e+01,1.446867434891125231e+04
4.997916666666666430e+01,1.446867745443661624e+04
5.000000000000000000e+01,1.446868052744942906e+04
5.002083333333332860e+01,1.446868356609171315e+04
5.004166666666666430e+01,1.446868656852375716e+04
5.006250000000000000e+01,1.446868953292523656e+04
5.008333333333332860e+01,1.446869245749666152e+04
5.010416666666666430e+01,1.446869534046036279e+04
5.012500000000000000e+01,1.446869818006192872e+04
5.014583333333332860e+01,1.446870097457128941e+04
5.016666666666666430e+01,1.446870372228394262e+04
5.018750000000000000e+01,1.446870642152240180e+04
5.020833333333332860e+01,1.446870907063705454e+04
5.022916666666666430e+01,1.446871166800775973e+04
5.025000000000000000e+01,1.446871421204489889e+04
5.027083333333332860e+01,1.446871670119083501e+04
5.029166666666666430e+01,1.446871913392097122e+04
5.031250000000000000e+01,1.446872150874537328e+04
5.033333333333332860e+01,1.446872382420978829e+04
5.035416666666666430e+01,1.446872607889728897e+04
5.037500000000000000e+01,1.446872827142951792e+04
5.039583333333332860e+01,1.446873040046823735e+04
5.041666666666666430e+01,1.446873246471675520e+04
5.043750000000000000e+01,1.446873446292135850e+04
5.045833333333332860e+01,1.446873639387300500e+04
5.047916666666666430e+01,1.446873825640872383e+04
5.050000000000000000e+01,1.446874004941331805e+04
5.052083333333332860e+01,1.446874177182084168e+04
5.054166666666666430e+01,1.446874342261632773e+04
5.056250000000000000e+01,1.446874500083713792e+04
5.058333333333332860e+01,1.446874650557472341e+04
5.060416666666666430e+01,1.446874793597585085e+04
5.062500000000000000e+01,1.446874929124411574e+04
5.064583333333332860e+01,1.446875057064116481e+04
5.066666666666666430e+01,1.446875177348772922e+04
5.068750000000000000e+01,1.446875289916462134e+04
5.070833333333332860e+01,1.446875394711352419e+04
5.072916666666666430e+01,1.446875491683721702e+04
5.075000000000000000e+01,1.446875580790007734e+04
5.077083333333332860e+01,1.446875661992776077e+04
5.079166666666666430e+01,1.446875735260694637e+04
5.081250000000000000e+01,1.446875800568472187e+04
5.083333333333332860e+01,1.446875857896732850e+04
5.085416666666666430e+01,1.446875907231915699e+04
5.087500000000000000e+01,1.446875948566089573e+04
5.089583333333332860e+01,1.446875981896795565e+04
5.091666666666666430e+01,1.446876007226827278e+04
5.093750000000000000e+01,1.446876024564019463e+04
5.095833333333332860e+01,1.446876033921034104e+04
5.097916666666666430e+01,1.446876035315099216e+04
5.100000000000000000e+01,1.446876028767817843e+04
5.102083333333332860e+01,1.446876014304937053e+04
5.104166666666666430e+01,1.446875991956146026e+04
5.106250000000000000e+01,1.446875961754901437e+04
5.108333333333332860e+01,1.446875923738275014e+04
5.110416666666666430e+01,1.446875877946823675e+04
5.112500000000000000e+01,1.446875824424493476e+04
5.114583333333332860e+01,1.446875763218553038e+04
5.116666666666666430e+01,1.446875694379562628e+04
5.118750000000000000e+01,1.446875617961349417e+04
5.120833333333332860e+01,1.446875534021027852e+04
5.122916666666666430e+01,1.446875442619028399e+04
5.125000000000000000e+01,1.446875343819141199e+04
5.127083333333332860e+01,1.446875237688571724e+04
5.129166666666666430e+01,1.446875124297994989e+04
5.131250000000000000e+01,1.446875003721622852e+04
5.133333333333332860e+01,1.446874876037249851e+04
5.135416666666666430e+01,1.446874741326311050e+04
5.137500000000000000e+01,1.446874599673911143e+04
5.139583333333332860e+01,1.446874451168855740e+04
5.141666666666666430e+01,1.446874295903677194e+04
5.143750000000000000e+01,1.446874133974621873e+04
5.145833333333332860e+01,1.446873965481647610e+04
5.147916666666666430e+01,1.446873790528410973e+04
5.150000000000000000e+01,1.446873609222225423e+04
5.152083333333332860e+01,1.446873421674032215e+04
5.154166666666666430e+01,1.446873227998359289e+04
5.156250000000000000e+01,1.446873028313261239e+04
5.158333333333332860e+01,1.446872822740273841e+04
5.160416666666666430e+01,1.446872611404341660e+04
5.162500000000000000e+01,1.446872394433758745e+04
5.164583333333332860e+01,1.446872171960121341e+04
5.166666666666666430e+01,1.446871944118230385e+04
5.168750000000000000e+01,1.446871711046041310e+04
5.170833333333332860e+01,1.446871472884578543e+04
5.172916666666666430e+01,1.446871229777857297e+04
5.175000000000000000e+01,1.446870981872806442e+04
5.177083333333332860e+01,1.446870729319179009e+04
5.179166666666666430e+01,1.446870472269453603e+04
5.181250000000000000e+01,1.446870210878758007e+04
5.183333333333332860e+01,1.446869945304746943e+04
5.185416666666666430e+01,1.446869675707528586e+04
5.187500000000000000e+01,1.446869402249536870e+04
5.189583333333332860e+01,1.446869125095424170e+04
5.191666666666666430e+01,1.446868844411957980e+04
5.193750000000000000e+01,1.446868560367918690e+04
5.195833333333332860e+01,1.446868273133957700e+04
5.197916666666666430e+01,1.446867982882511933e+04
5.200000000000000000e+01,1.446867689787662675e+04
5.202083333333332860e+01,1.446867394025043177e+04
5.204166666666666430e+01,1.446867095771690583e+04
5.206250000000000000e+01,1.446866795205968447e+04
5.208333333333332860e+01,1.446866492507421208e+04
5.210416666666666430e+01,1.446866187856653778e+04
5.212500000000000000e+01,1.446865881435245319e+04
5.214583333333332860e+01,1.446865573425590992e+04
5.216666666666666430e+01,1.446865264010817191e+04
5.218750000000000000e+01,1.446864953374635661e+04
5.220833333333332860e+01,1.446864641701246364e+04
5.222916666666666430e+01,1.446864329175194871e+04
5.225000000000000000e+01,1.446864015981270495e+04
5.227083333333332860e+01,1.446863702304380786e+04
5.229166666666666430e+01,1.446863388329414374e+04
5.231250000000000000e+01,1.446863074241142385e+04
5.233333333333332860e+01,1.446862760224077283e+04
5.235416666666666430e+01,1.446862446462365915e+04
5.237500000000000000e+01,1.446862133139650541e+04
5.239583333333332860e+01,1.446861820438963696e+04
5.241666666666666430e+01,1.446861508542598312e+04
5.243750000000000000e+01,1.446861197631995674e+04
5.245833333333332860e+01,1.446860887887617719e+04
5.247916666666666430e+01,1.446860579488827716e+04
5.250000000000000000e+01,1.446860272613787674e+04
5.252083333333332860e+01,1.446859967439323373e+04
5.254166666666666430e+01,1.446859664140819586e+04
5.256250000000000000e+01,1.446859362892100035e+04
5.258333333333332860e+01,1.446859063865326971e+04
5.260416666666666430e+01,1.446858767230873491e+04
5.262500000000000000e+01,1.446858473157210756e+04
5.264583333333332860e+01,1.446858181810815222e+04
5.266666666666666430e+01,1.446857893356044224e+04
5.268750000000000000e+01,1.446857607955039202e+04
5.270833333333332860e+01,1.446857325767607472e+04
5.272916666666666430e+01,1.446857046951132361e+04
5.275000000000000000e+01,1.446856771660456070e+04
5.277083333333332860e+01,1.446856500047781810e+04
5.279166666666666430e+01,1.446856232262583580e+04
5.281250000000000000e+01,1.446855968451500303e+04
5.283333333333332860e+01,1.446855708758239052e+04
5.285416666666666430e+01,1.446855453323474649e+04
5.287500000000000000e+01,1.446855202284778352e+04
5.289583333333332860e+01,1.446854955776503266e+04
5.291666666666666430e+01,1.446854713929716308e+04
5.293750000000000000e+01,1.446854476872103260e+04
5.295833333333332860e+01,1.446854244727884725e+04
5.297916666666666430e+01,1.446854017617743739e+04
5.300000000000000000e+01,1.446853795658732997e+04
5.302083333333332860e+01,1.446853578964214103e+04
5.304166666666666430e+01,1.446853367643769525e+04
5.306250000000000000e+01,1.446853161803149851e+04
5.308333333333332860e+01,1.446852961544185382e+04
5.310416666666666430e+01,1.446852766964731927e+04
5.312500000000000000e+01,1.446852578158606048e+04
5.314583333333332860e+01,1.446852395215521756e+04
5.316666666666666430e+01,1.446852218221039948e+04
5.318750000000000000e+01,1.446852047256496371e+04
5.320833333333332860e+01,1.446851882398975431e+04
5.322916666666666430e+01,1.446851723721229791e+04
5.325000000000000000e+01,1.446851571291667278e+04
5.327083333333332860e+01,1.446851425174277028e+04
5.329166666666666430e+01,1.446851285428613846e+04
5.331250000000000000e+01,1.446851152109741452e+04
5.333333333333332860e+01,1.446851025268215017e+04
5.335416666666666430e+01,1.446850904950036420e+04
5.337500000000000000e+01,1.446850791196631326e+04
5.339583333333332860e+01,1.446850684044830996e+04
5.341666666666666430e+01,1.446850583526838818e+04
5.343750000000000000e+01,1.446850489670220486e+04
5.345833333333332860e+01,1.446850402497882533e+04
5.347916666666666430e+01,1.446850322028070877e+04
5.350000000000000000e+01,1.446850248274348633e+04
5.352083333333332860e+01,1.446850181245599015e+04
5.354166666666666430e+01,1.446850120946018433e+04
5.356250000000000000e+01,1.446850067375128128e+04
5.358333333333332860e+01,1.446850020527758170e+04
5.360416666666666430e+01,1.446849980394072918e+04
5.362500000000000000e+01,1.446849946959577937e+04
5.364583333333332860e+01,1.446849920205126909e+04
5.366666666666666430e+01,1.446849900106944551e+04
5.368750000000000000e+01,1.446849886636650626e+04
5.370833333333332860e+01,1.446849879761270131e+04
5.372916666666666430e+01,1.446849879443277314e+04
5.375000000000000000e+01,1.446849885640617140e+04
5.377083333333332860e+01,1.446849898306732575e+04
5.379166666666666430e+01,1.446849917390616611e+04
5.381250000000000000e+01,1.446849942836836635e+04
5.383333333333332860e+01,1.446849974585589007e+04
5.385416666666666430e+01,1.446850012572736523e+04
5.387500000000000000e+01,1.446850056729859352e+04
5.389583333333332860e+01,1.446850106984322338e+04
5.391666666666666430e+01,1.446850163259292458e+04
5.393750000000000000e+01,1.446850225473843238e+04
5.395833333333332860e+01,1.446850293542986765e+04
5.397916666666666430e+01,1.446850367377740986e+04
5.400000000000000000e+01,1.446850446885205383e+04
5.402083333333332860e+01,1.446850531968620999e+04
5.404166666666666430e+01,1.446850622527457745e+04
5.406250000000000000e+01,1.446850718457466428e+04
5.408333333333332860e+01,1.446850819650782432e+04
5.410416666666666430e+01,1.446850925995987927e+04
5.412500000000000000e+01,1.446851037378200272e+04
5.414583333333332860e+01,1.446851153679163690e+04
5.416666666666666430e+01,1.446851274777332583e+04
5.418750000000000000e+01,1.446851400547959202e+04
5.420833333333332860e+01,1.446851530863192966e+04
5.422916666666666430e+01,1.446851665592172503e+04
5.425000000000000000e+01,1.446851804601128242e+04
5.427083333333332860e+01,1.446851947753469722e+04
5.429166666666666430e+01,1.446852094909911102e+04
5.431250000000000000e+01,1.446852245928541743e+04
5.433333333333332860e+01,1.446852400664965171e+04
5.435416666666666430e+01,1.446852558972394036e+04
5.437500000000000000e+01,1.446852720701750150e+04
5.439583333333332860e+01,1.446852885701794730e+04
5.441666666666666430e+01,1.446853053819228080e+04
5.443750000000000000e+01,1.446853224898812186e+04
5.445833333333332860e+01,1.446853398783481316e+04
5.447916666666666430e+01,1.446853575314470800e+04
5.450000000000000000e+01,1.446853754331423625e+04
5.452083333333332860e+01,1.446853935672524312e+04
5.454166666666666430e+01,1.446854119174610241e+04
5.456250000000000000e+01,1.446854304673298975e+04
5.458333333333332860e+01,1.446854492003117775e+04
5.460416666666666430e+01,1.446854680997632749e+04
5.462500000000000000e+01,1.446854871489555808e+04
5.464583333333332860e+01,1.446855063310888363e+04
5.466666666666666430e+01,1.446855256293056300e+04
5.468750000000000000e+01,1.446855450267023843e+04
5.470833333333332860e+01,1.446855645063429256e+04
5.472916666666666430e+01,1.446855840512716895e+04
5.475000000000000000e+01,1.446856036445272912e+04
5.477083333333332860e+01,1.446856232691540208e+04
5.479166666666666430e+01,1.446856429082169416e+04
5.481250000000000000e+01,1.446856625448144769e+04
5.483333333333332860e+01,1.446856821620906339e+04
5.485416666666666430e+01,1.446857017432500288e+04
5.487500000000000000e+01,1.446857212715685455e+04
5.489583333333332860e+01,1.446857407304095250e+04
5.491666666666666430e+01,1.446857601032343882e+04
5.493750000000000000e+01,1.446857793736178792e+04
5.495833333333332860e+01,1.446857985252585058e+04
5.497916666666666430e+01,1.446858175419936379e+04
5.500000000000000000e+01,1.446858364078120940e+04
5.502083333333332860e+01,1.446858551068653469e+04
5.504166666666666430e+01,1.446858736234818207e+04
5.506250000000000000e+01,1.446858919421788596e+04
5.508333333333332860e+01,1.446859100476735330e+04
5.510416666666666430e+01,1.446859279248967505e+04
5.512500000000000000e+01,1.446859455590044672e+04
5.514583333333332860e+01,1.446859629353874334e+04
5.516666666666666430e+01,1.446859800396850551e+04
5.518750000000000000e+01,1.446859968577929249e+04
5.520833333333332860e+01,1.446860133758767915e+04
5.522916666666666430e+01,1.446860295803793997e+04
5.525000000000000000e+01,1.446860454580306396e+04
5.527083333333332860e+01,1.446860609958583154e+04
5.529166666666666430e+01,1.446860761811932025e+04
5.531250000000000000e+01,1.446860910016787238e+04
5.533333333333332860e+01,1.446861054452767712e+04
5.535416666666666430e+01,1.446861195002740715e+04
5.537500000000000000e+01,1.446861331552867705e+04
5.539583333333332860e+01,1.446861463992655626e+04
5.541666666666666430e+01,1.446861592214982738e+04
5.543750000000000000e+01,1.446861716116125535e+04
5.545833333333332860e+01,1.446861835595775483e+04
5.547916666666666430e+01,1.446861950557035743e+04
5.550000000000000000e+01,1.446862060906434635e+04
5.552083333333332860e+01,1.446862166553899806e+04
5.554166666666666430e+01,1.446862267412756410e+04
5.556250000000000000e+01,1.446862363399671085e+04
5.558333333333332860e+01,1.446862454434655228e+04
5.560416666666666430e+01,1.446862540441030069e+04
5.562500000000000000e+01,1.446862621345389562e+04
5.564583333333332860e+01,1.446862697077563644e+04
5.566666666666666430e+01,1.446862767570616052e+04
5.568750000000000000e+01,1.446862832760810488e+04
5.570833333333332860e+01,1.446862892587635361e+04
5.572916666666666430e+01,1.446862946993774676e+04
5.575000000000000000e+01,1.446862995925172436e+04
5.577083333333332860e+01,1.446863039331074106e+04
5.579166666666666430e+01,1.446863077164075730e+04
5.581250000000000000e+01,1.446863109380228707e+04
5.583333333333332860e+01,1.446863135939157655e+04
5.585416666666666430e+01,1.446863156804180835e+04
5.587500000000000000e+01,1.446863171942468034e+04
5.589583333333332860e+01,1.446863181325205005e+04
5.591666666666666430e+01,1.446863184927787006e+04
5.593750000000000000e+01,1.446863182730000699e+04
5.595833333333332860e+01,1.446863174716211142e+04
5.597916666666666430e+01,1.446863160875563335e+04
5.600000000000000000e+01,1.446863141202153201e+04
5.602083333333332860e+01,1.446863115695202214e+04
5.604166666666666430e+01,1.446863084359203640e+04
5.606250000000000000e+01,1.446863047204028771e+04
5.608333333333332860e+01,1.446863004245048432e+04
5.610416666666666430e+01,1.446862955503166813e+04
5.612500000000000000e+01,1.446862901004870946e+04
5.614583333333332860e+01,1.446862840782213243e+04
5.616666666666666430e+01,1.446862774872791488e+04
5.618750000000000000e+01,1.446862703319683715e+04
5.620833333333332860e+01,1.446862626171340526e+04
5.622916666666666430e+01,1.446862543481496687e+04
5.625000000000000000e+01,1.446862455309032521e+04
5.627083333333332860e+01,1.446862361717834210e+04
5.629166666666666430e+01,1.446862262776647913e+04
5.631250000000000000e+01,1.446862158558914598e+04
5.633333333333332860e+01,1.446862049142645265e+04
5.635416666666666430e+01,1.446861934610233948e+04
5.637500000000000000e+01,1.446861815048348217e+04
5.639583333333332860e+01,1.446861690547777107e+04
5.641666666666666430e+01,1.446861561203292149e+04
5.643750000000000000e+01,1.446861427113557511e+04
5.645833333333332860e+01,1.446861288380983024e+04
5.647916666666666430e+01,1.446861145111637234e+04
5.650000000000000000e+01,1.446860997415144084e+04
5.652083333333332860e+01,1.446860845404586144e+04
5.654166666666666430e+01,1.446860689196395469e+04
5.656250000000000000e+01,1.446860528910285575e+04
5.658333333333332860e+01,1.446860364669144474e+04
5.660416666666666430e+01,1.446860196598937182e+04
5.662500000000000000e+01,1.446860024828620953e+04
5.664583333333332860e+01,1.446859849490043416e+04
5.666666666666666430e+01,1.446859670717860718e+04
5.668750000000000000e+01,1.446859488649415289e+04
5.670833333333332860e+01,1.446859303424653990e+04
5.672916666666666430e+01,1.446859115186031340e+04
5.675000000000000000e+01,1.446858924078396740e+04
5.677083333333332860e+01,1.446858730248907523e+04
5.679166666666666430e+01,1.446858533846922001e+04
5.681250000000000000e+01,1.446858335023899417e+04
5.683333333333332860e+01,1.446858133933312638e+04
5.685416666666666430e+01,1.446857930730543376e+04
5.687500000000000000e+01,1.446857725572777417e+04
5.689583333333332860e+01,1.446857518618915128e+04
5.691666666666666430e+01,1.446857310029469227e+04
5.693750000000000000e+01,1.446857099966469468e+04
5.695833333333332860e+01,1.446856888593350595e+04
5.697916666666666430e+01,1.446856676074854840e+04
5.700000000000000000e+01,1.446856462576938793e+04
5.702083333333332860e+01,1.446856248266649345e+04
5.704166666666666430e+01,1.446856033312020736e+04
5.706250000000000000e+01,1.446855817881976691e+04
5.708333333333332860e+01,1.446855602146204910e+04
5.710416666666666430e+01,1.446855386275049023e+04
5.712500000000000000e+01,1.446855170439400536e+04
5.714583333333332860e+01,1.446854954810567506e+04
5.716666666666666430e+01,1.446854739560189046e+04
5.718750000000000000e+01,1.446854524860084712e+04
5.720833333333332860e+01,1.446854310882161371e+04
5.722916666666666430e+01,1.446854097798288421e+04
5.725000000000000000e+01,1.446853885780184282e+04
5.727083333333332860e+01,1.446853674999298892e+04
5.729166666666666430e+01,1.446853465626695106e+04
5.731250000000000000e+01,1.446853257832937379e+04
5.733333333333332860e+01,1.446853051787970617e+04
5.735416666666666430e+01,1.446852847661013584e+04
5.737500000000000000e+01,1.446852645620426847e+04
5.739583333333332860e+01,1.446852445833616002e+04
5.741666666666666430e+01,1.446852248466902529e+04
5.743750000000000000e+01,1.446852053685423380e+04
5.745833333333332860e+01,1.446851861652988373e+04
5.747916666666666430e+01,1.446851672532007069e+04
5.750000000000000000e+01,1.446851486483325789e+04
5.752083333333332860e+01,1.446851303666169042e+04
5.754166666666666430e+01,1.446851124237974000e+04
5.756250000000000000e+01,1.446850948354319917e+04
5.758333333333332860e+01,1.446850776168786979e+04
5.760416666666666430e+01,1.446850607832863170e+04
5.762500000000000000e+01,1.446850443495838044e+04
5.764583333333332860e+01,1.446850283304684854e+04
5.766666666666666430e+01,1.446850127403956139e+04
5.768750000000000000e+01,1.446849975935692055e+04
5.770833333333332860e+01,1.446849829039293036e+04
5.772916666666666430e+01,1.446849686851450315e+04
5.775000000000000000e+01,1.446849549506014228e+04
5.777083333333332860e+01,1.446849417133921088e+04
5.779166666666666430e+01,1.446849289863085505e+04
5.781250000000000000e+01,1.446849167818307615e+04
5.783333333333332860e+01,1.446849051121177763e+04
5.785416666666666430e+01,1.446848939889995017e+04
5.787500000000000000e+01,1.446848834239671123e+04
5.789583333333332860e+01,1.446848734281643556e+04
5.791666666666666430e+01,1.446848640123796577e+04
5.793750000000000000e+01,1.446848551870379379e+04
5.795833333333332860e+01,1.446848469621912955e+04
5.797916666666666430e+01,1.446848393475129706e+04
5.800000000000000000e+01,1.446848323522888677e+04
5.802083333333332860e+01,1.446848259854109347e+04
5.804166666666666430e+01,1.446848202553687224e+04
5.806250000000000000e+01,1.446848151702452742e+04
5.808333333333332860e+01,1.446848107377067208e+04
5.810416666666666430e+01,1.446848069650006437e+04
5.812500000000000000e+01,1.446848038589465432e+04
5.814583333333332860e+01,1.446848014259321644e+04
5.816666666666666430e+01,1.446847996719063303e+04
5.818750000000000000e+01,1.446847986023759586e+04
5.820833333333332860e+01,1.446847982224000225e+04
5.822916666666666430e+01,1.446847985365854038e+04
5.825000000000000000e+01,1.446847995490816902e+04
5.827083333333332860e+01,1.446848012635799751e+04
5.829166666666666430e+01,1.446848036833057631e+04
5.831250000000000000e+01,1.446848068110181339e+04
5.833333333333332860e+01,1.446848106490060309e+04
5.835416666666666430e+01,1.446848151990854967e+04
5.837500000000000000e+01,1.446848204625974540e+04
5.839583333333332860e+01,1.446848264404051588e+04
5.841666666666666430e+01,1.446848331328939821e+04
5.843750000000000000e+01,1.446848405399684270e+04
5.845833333333332860e+01,1.446848486610520558e+04
5.847916666666666430e+01,1.446848574950861803e+04
5.850000000000000000e+01,1.446848670405293160e+04
5.852083333333332860e+01,1.446848772953585285e+04
5.854166666666666430e+01,1.446848882570677233e+04
5.856250000000000000e+01,1.446848999226701562e+04
5.858333333333332860e+01,1.446849122886973782e+04
5.860416666666666430e+01,1.446849253512025098e+04
5.862500000000000000e+01,1.446849391057602770e+04
5.864583333333332860e+01,1.446849535474702498e+04
5.866666666666666430e+01,1.446849686709576417e+04
5.868750000000000000e+01,1.446849844703768395e+04
5.870833333333332860e+01,1.446850009394145673e+04
5.872916666666666430e+01,1.446850180712933070e+04
5.875000000000000000e+01,1.446850358587721712e+04
5.877083333333332860e+01,1.446850542941553431e+04
5.879166666666666430e+01,1.446850733692920767e+04
5.881250000000000000e+01,1.446850930755837908e+04
5.883333333333332860e+01,1.446851134039885073e+04
5.885416666666666430e+01,1.446851343450248532e+04
5.887500000000000000e+01,1.446851558887788997e+04
5.889583333333332860e+01,1.446851780249090370e+04
5.891666666666666430e+01,1.446852007426525961e+04
5.893750000000000000e+01,1.446852240308319597e+04
5.895833333333332860e+01,1.446852478778618752e+04
5.897916666666666430e+01,1.446852722717549113e+04
5.900000000000000000e+01,1.446852972001301168e+04
5.902083333333332860e+01,1.446853226502204052e+04
5.904166666666666430e+01,1.446853486088803402e+04
5.906250000000000000e+01,1.446853750625931571e+04
5.908333333333332860e+01,1.446854019974806579e+04
5.910416666666666430e+01,1.446854293993108877e+04
5.912500000000000000e+01,1.446854572535073748e+04
5.914583333333332860e+01,1.446854855451582989e+04
5.916666666666666430e+01,1.446855142590260220e+04
5.918750000000000000e+01,1.446855433795557110e+04
5.920833333333332860e+01,1.446855728908861784e+04
5.922916666666666430e+01,1.446856027768603963e+04
5.925000000000000000e+01,1.446856330210339729e+04
5.927083333333332860e+01,1.446856636066874853e+04
5.929166666666666430e+01,1.446856945168363382e+04
5.931250000000000000e+01,1.446857257342418961e+04
5.933333333333332860e+01,1.446857572414214883e+04
5.935416666666666430e+01,1.446857890206622324e+04
5.937500000000000000e+01,1.446858210540293658e+04
5.939583333333332860e+01,1.446858533233802518e+04
5.941666666666666430e+01,1.446858858103747480e+04
5.943750000000000000e+01,1.446859184964878295e+04
5.945833333333332860e+01,1.446859513630202127e+04
5.947916666666666430e+01,1.446859843911141797e+04
5.950000000000000000e+01,1.446860175617606365e+04
5.952083333333332860e+01,1.446860508558153015e+04
5.954166666666666430e+01,1.446860842540108206e+04
5.956250000000000000e+01,1.446861177369668803e+04
5.958333333333332860e+01,1.446861512852057785e+04
5.960416666666666430e+01,1.446861848791635202e+04
5.962500000000000000e+01,1.446862184992033508e+04
5.964583333333332860e+01,1.446862521256276159e+04
5.966666666666666430e+01,1.446862857386920587e+04
5.968750000000000000e+01,1.446863193186174976e+04
5.970833333333332860e+01,1.446863528456035783e+04
5.972916666666666430e+01,1.446863862998415789e+04
5.975000000000000000e+01,1.446864196615261972e+04
5.977083333333332860e+01,1.446864529108703573e+04
5.979166666666666430e+01,1.446864860281176516e+04
5.981250000000000000e+01,1.446865189935536910e+04
5.983333333333332860e+01,1.446865517875216028e+04
5.985416666666666430e+01,1.446865843904328722e+04
5.987500000000000000e+01,1.446866167827802929e+04
5.989583333333332860e+01,1.446866489451528469e+04
5.991666666666666430e+01,1.446866808582457816e+04
5.993750000000000000e+01,1.446867125028739611e+04
5.995833333333332860e+01,1.446867438599860907e+04
5.997916666666666430e+01,1.446867749106747215e+04
